g_by_proc
[2.5205324103916203e-08,]
[10,]
p_of_write
[2.1439597830318985e-08,2.4517424462272327e-08,2.6689065858269302e-08,2.8175208264804194e-08,]
[1e-05,0.00034,0.00067,0.001,]
p_of_cpu_info
[2.5205324103916203e-08,]
[0,]
w_num
[2.5205324103916203e-08,]
[1,]
r_num
[2.5205324103916203e-08,]
[1,]
cpu_count
[2.5205324103916203e-08,]
[12,]
proc_count
[1.1362438367500001e-08,2.2817961845000002e-08,2.6158025735555556e-08,2.7388417024791666e-08,2.8287759552166667e-08,2.830159247972222e-08,2.724468868357143e-08,2.6535698609166667e-08,2.60843896325e-08,2.58405591875e-08,2.6020087525075756e-08,2.6422270604444445e-08,]
[1,2,3,4,5,6,7,8,9,10,11,12,]
