g_by_proc
[2.533808013573636e-08,]
[10,]
p_of_write
[1.3283505188825575e-08,2.41090103964658e-08,2.982571380063274e-08,3.4134091157021326e-08,]
[1e-05,0.00034,0.00067,0.001,]
p_of_cpu_info
[1.1162171442640846e-08,2.1744532813432997e-08,3.01553421566704e-08,3.82902741302012e-08,]
[0.001,0.034,0.067,0.1,]
w_num
[2.533808013573636e-08,]
[1,]
r_num
[2.533808013573636e-08,]
[1,]
cpu_count
[2.533808013573636e-08,]
[12,]
proc_count
[4.3644013415624996e-08,3.286579216375e-08,2.670181115986111e-08,2.2363891272864586e-08,2.1619483196625002e-08,2.161231182284722e-08,2.2029564620416663e-08,2.2479134085598958e-08,2.2584259517847223e-08,2.2691557511e-08,2.2685328015890152e-08,2.2779814846510414e-08,]
[1,2,3,4,5,6,7,8,9,10,11,12,]
