g_by_proc
[2.5222236070256236e-08,]
[10,]
p_of_write
[2.1491464443311997e-08,2.4433634697381054e-08,2.671275983235089e-08,2.8251085307981004e-08,]
[1e-05,0.00034,0.00067,0.001,]
p_of_cpu_info
[2.5222236070256236e-08,]
[0,]
w_num
[2.5222236070256236e-08,]
[1,]
r_num
[2.5222236070256236e-08,]
[1,]
cpu_count
[2.5222236070256236e-08,]
[12,]
proc_count
[1.13140482275e-08,2.2875692949166668e-08,2.618960284611111e-08,2.7281530550416668e-08,2.8241150934166667e-08,2.8294876531805556e-08,2.7247820081428572e-08,2.6523792457604166e-08,2.6064865673425927e-08,2.5879760238583334e-08,2.6101486436060604e-08,2.6652205916805554e-08,]
[1,2,3,4,5,6,7,8,9,10,11,12,]
