g_by_proc
[1.1503462772027661e-08,]
[10,]
p_of_write
[5.022001611571709e-09,1.2789149740723782e-08,1.3867889920215111e-08,1.4334809815600044e-08,]
[1e-05,0.00034,0.00067,0.001,]
p_of_cpu_info
[1.2340620733288182e-08,1.1389349424164517e-08,1.1200279381970145e-08,1.1083601548687802e-08,]
[1e-05,0.00034,0.00067,0.001,]
w_num
[1.1503462772027661e-08,]
[1,]
r_num
[1.1503462772027661e-08,]
[1,]
cpu_count
[1.1503462772027661e-08,]
[12,]
proc_count
[1.1767263228001567e-08,1.3071687061469466e-08,1.1648598889565059e-08,1.1167713941828116e-08,1.1135679566681623e-08,1.1120876964542977e-08,1.1128373011389258e-08,1.1194639658209672e-08,1.1362496437055753e-08,1.144418934728934e-08,1.1492395915586573e-08,1.1507639242712533e-08,]
[1,2,3,4,5,6,7,8,9,10,11,12,]
