g_by_proc
[2.0678297284157674e-08,]
[10,]
p_of_write
[2.8274586755921217e-08,2.0164189601294593e-08,1.7302446450108224e-08,1.6971966329306657e-08,]
[0.001,0.034,0.067,0.1,]
p_of_cpu_info
[2.0678297284157674e-08,]
[0,]
w_num
[2.0678297284157674e-08,]
[1,]
r_num
[2.0678297284157674e-08,]
[1,]
cpu_count
[2.0678297284157674e-08,]
[12,]
proc_count
[1.1728939116666666e-08,1.9335809808333333e-08,1.9489350322222225e-08,2.0340884791666665e-08,2.1115466421666667e-08,2.1470228530555557e-08,2.156392329285714e-08,2.1844779617708333e-08,2.2140721096296297e-08,2.247533031583333e-08,2.2991893703030303e-08,2.3642240393055555e-08,]
[1,2,3,4,5,6,7,8,9,10,11,12,]
