g_by_proc
[2.9030746180330967e-08,]
[10,]
p_of_write
[1.4333327895614957e-08,2.621021129438762e-08,3.37429167847929e-08,4.1836528746528386e-08,]
[0.001,0.034,0.067,0.1,]
p_of_cpu_info
[2.8543654882908908e-08,2.899777192516409e-08,2.9169774514693287e-08,2.9411783398557575e-08,]
[1e-05,0.00034,0.00067,0.001,]
w_num
[2.9030746180330967e-08,]
[1,]
r_num
[2.9030746180330967e-08,]
[1,]
cpu_count
[2.9030746180330967e-08,]
[12,]
proc_count
[2.2398475159389203e-08,3.048734275180501e-08,2.779346023587997e-08,2.8352349290962217e-08,2.9083485612719734e-08,2.9346631106615904e-08,2.9630203111303435e-08,2.9713872362201118e-08,2.995670332181368e-08,3.02747150606813e-08,3.0510073646093035e-08,3.0821642504506986e-08,]
[1,2,3,4,5,6,7,8,9,10,11,12,]
