g_by_proc
[2.0670475786851526e-08,]
[10,]
p_of_write
[2.833384663684925e-08,2.0152387905123557e-08,1.7291777511141574e-08,1.6903891094291726e-08,]
[0.001,0.034,0.067,0.1,]
p_of_cpu_info
[2.0670475786851526e-08,]
[0,]
w_num
[2.0670475786851526e-08,]
[1,]
r_num
[2.0670475786851526e-08,]
[1,]
cpu_count
[2.0670475786851526e-08,]
[12,]
proc_count
[1.1720319766666667e-08,1.927974345e-08,1.9493375405555555e-08,2.039169749375e-08,2.1120518325e-08,2.1317085756944444e-08,2.156977310357143e-08,2.1812426976041664e-08,2.216469573703704e-08,2.2440971337500003e-08,2.3065444198484848e-08,2.3669657891666666e-08,]
[1,2,3,4,5,6,7,8,9,10,11,12,]
