g_by_proc
[6.205855365694508e-08,]
[10,]
p_of_write
[3.4133187732412166e-08,6.521191096784369e-08,7.135373650535108e-08,7.753537942217332e-08,]
[0.001,0.034,0.067,0.1,]
p_of_cpu_info
[2.9424539711549752e-08,5.232341822701475e-08,7.302704210594224e-08,9.345921458327353e-08,]
[0.001,0.034,0.067,0.1,]
w_num
[6.205855365694508e-08,]
[1,]
r_num
[6.205855365694508e-08,]
[1,]
cpu_count
[6.205855365694508e-08,]
[12,]
proc_count
[5.272407633333333e-08,6.4927543546875e-08,6.035345679166668e-08,6.062045532552083e-08,6.158030961666666e-08,6.214933252222222e-08,6.267005593630952e-08,6.328842665703126e-08,6.363660309861112e-08,6.3855528649375e-08,6.436414209583334e-08,6.453271330989584e-08,]
[1,2,3,4,5,6,7,8,9,10,11,12,]
