g_by_proc
[2.1518794479515314e-08,]
[10,]
p_of_write
[2.1518794479515314e-08,]
[1e-05,]
p_of_cpu_info
[2.1518794479515314e-08,]
[0,]
w_num
[2.1518794479515314e-08,]
[1,]
r_num
[2.1518794479515314e-08,]
[1,]
cpu_count
[2.1518794479515314e-08,]
[12,]
proc_count
[1.1239298933333334e-08,2.1653214720000002e-08,2.4179407905555557e-08,2.4958460806666664e-08,2.4938793855999998e-08,2.5260431674444446e-08,2.3879759402857144e-08,2.23797891325e-08,2.1011468726296298e-08,2.0048293024333334e-08,1.951797797969697e-08,1.9158637592500003e-08,]
[1,2,3,4,5,6,7,8,9,10,11,12,]
