g_by_proc
[4.223373121094306e-09,]
[10,]
p_of_write
[4.223373121094306e-09,]
[1e-05,]
p_of_cpu_info
[4.223373121094306e-09,]
[0.001,]
w_num
[4.223373121094306e-09,]
[1,]
r_num
[4.223373121094306e-09,]
[1,]
cpu_count
[4.223373121094306e-09,]
[12,]
proc_count
[1.1902597536666666e-08,6.457269796666666e-09,4.576243752222223e-09,3.6956058691666666e-09,3.3122796186666668e-09,3.035927848888889e-09,2.9736269876190477e-09,2.9625965829166667e-09,2.959878967777778e-09,2.9225704660000002e-09,2.925540505151515e-09,2.956339521388889e-09,]
[1,2,3,4,5,6,7,8,9,10,11,12,]
