10,10000000,1e-05,0,1,1,12,1,0,0,0.113981399
10,20000000,1e-05,0,1,1,12,2,0,0,0.438599556
10,30000000,1e-05,0,1,1,12,3,0,0,0.750926649
10,40000000,1e-05,0,1,1,12,4,0,0,0.919325071
10,50000000,1e-05,0,1,1,12,5,0,0,1.277715479
10,60000000,1e-05,0,1,1,12,6,0,0,1.5181424730000002
10,70000000,1e-05,0,1,1,12,7,0,0,1.6613135350000001
10,80000000,1e-05,0,1,1,12,8,0,0,1.778275249
10,90000000,1e-05,0,1,1,12,9,0,0,1.8812213020000002
10,100000000,1e-05,0,1,1,12,10,0,0,2.00406908
10,110000000,1e-05,0,1,1,12,11,0,0,2.141247893
10,120000000,1e-05,0,1,1,12,12,0,0,2.293712645
10,10000000,1e-05,0,1,1,12,1,0,0,0.112312081
10,20000000,1e-05,0,1,1,12,2,0,0,0.441472445
10,30000000,1e-05,0,1,1,12,3,0,0,0.738092555
10,40000000,1e-05,0,1,1,12,4,0,0,0.972335008
10,50000000,1e-05,0,1,1,12,5,0,0,1.243234886
10,60000000,1e-05,0,1,1,12,6,0,0,1.5289449400000001
10,70000000,1e-05,0,1,1,12,7,0,0,1.697312382
10,80000000,1e-05,0,1,1,12,8,0,0,1.8379140779999998
10,90000000,1e-05,0,1,1,12,9,0,0,1.905475333
10,100000000,1e-05,0,1,1,12,10,0,0,1.998245254
10,110000000,1e-05,0,1,1,12,11,0,0,2.140022385
10,120000000,1e-05,0,1,1,12,12,0,0,2.294454728
10,10000000,1e-05,0,1,1,12,1,0,0,0.1121705
10,20000000,1e-05,0,1,1,12,2,0,0,0.441612972
10,30000000,1e-05,0,1,1,12,3,0,0,0.740229799
10,40000000,1e-05,0,1,1,12,4,0,0,0.980146994
10,50000000,1e-05,0,1,1,12,5,0,0,1.242373384
10,60000000,1e-05,0,1,1,12,6,0,0,1.5120049359999999
10,70000000,1e-05,0,1,1,12,7,0,0,1.681324541
10,80000000,1e-05,0,1,1,12,8,0,0,1.828598082
10,90000000,1e-05,0,1,1,12,9,0,0,1.937452161
10,100000000,1e-05,0,1,1,12,10,0,0,1.999368287
10,110000000,1e-05,0,1,1,12,11,0,0,2.145161531
10,120000000,1e-05,0,1,1,12,12,0,0,2.293067213
10,10000000,1e-05,0,1,1,12,1,0,0,0.11331402
10,20000000,1e-05,0,1,1,12,2,0,0,0.440137956
10,30000000,1e-05,0,1,1,12,3,0,0,0.744879955
10,40000000,1e-05,0,1,1,12,4,0,0,1.007800256
10,50000000,1e-05,0,1,1,12,5,0,0,1.265298168
10,60000000,1e-05,0,1,1,12,6,0,0,1.548163337
10,70000000,1e-05,0,1,1,12,7,0,0,1.689411631
10,80000000,1e-05,0,1,1,12,8,0,0,1.830444953
10,90000000,1e-05,0,1,1,12,9,0,0,1.918310258
10,100000000,1e-05,0,1,1,12,10,0,0,2.002216118
10,110000000,1e-05,0,1,1,12,11,0,0,2.143580297
10,120000000,1e-05,0,1,1,12,12,0,0,2.292441845
10,10000000,1e-05,0,1,1,12,1,0,0,0.11305877
10,20000000,1e-05,0,1,1,12,2,0,0,0.433312497
10,30000000,1e-05,0,1,1,12,3,0,0,0.737110526
10,40000000,1e-05,0,1,1,12,4,0,0,0.983029774
10,50000000,1e-05,0,1,1,12,5,0,0,1.225597714
10,60000000,1e-05,0,1,1,12,6,0,0,1.499226599
10,70000000,1e-05,0,1,1,12,7,0,0,1.618646604
10,80000000,1e-05,0,1,1,12,8,0,0,1.7258011020000001
10,90000000,1e-05,0,1,1,12,9,0,0,1.826730376
10,100000000,1e-05,0,1,1,12,10,0,0,2.050890316
10,110000000,1e-05,0,1,1,12,11,0,0,2.181128888
10,120000000,1e-05,0,1,1,12,12,0,0,2.413783232
10,10000000,1e-05,0,1,1,12,1,0,0,0.111920552
10,20000000,1e-05,0,1,1,12,2,0,0,0.435839004
10,30000000,1e-05,0,1,1,12,3,0,0,0.69395349
10,40000000,1e-05,0,1,1,12,4,0,0,1.001580855
10,50000000,1e-05,0,1,1,12,5,0,0,1.178159965
10,60000000,1e-05,0,1,1,12,6,0,0,1.440147494
10,70000000,1e-05,0,1,1,12,7,0,0,1.608364627
10,80000000,1e-05,0,1,1,12,8,0,0,1.6988697799999999
10,90000000,1e-05,0,1,1,12,9,0,0,1.859062943
10,100000000,1e-05,0,1,1,12,10,0,0,2.010446598
10,110000000,1e-05,0,1,1,12,11,0,0,2.159494259
10,120000000,1e-05,0,1,1,12,12,0,0,2.300769905
10,10000000,1e-05,0,1,1,12,1,0,0,0.112561223
10,20000000,1e-05,0,1,1,12,2,0,0,0.433167072
10,30000000,1e-05,0,1,1,12,3,0,0,0.717160564
10,40000000,1e-05,0,1,1,12,4,0,0,1.016393481
10,50000000,1e-05,0,1,1,12,5,0,0,1.277538856
10,60000000,1e-05,0,1,1,12,6,0,0,1.513897514
10,70000000,1e-05,0,1,1,12,7,0,0,1.694794221
10,80000000,1e-05,0,1,1,12,8,0,0,1.7634667560000001
10,90000000,1e-05,0,1,1,12,9,0,0,1.857094698
10,100000000,1e-05,0,1,1,12,10,0,0,1.995916974
10,110000000,1e-05,0,1,1,12,11,0,0,2.141331428
10,120000000,1e-05,0,1,1,12,12,0,0,2.297805842
10,10000000,1e-05,0,1,1,12,1,0,0,0.111838537
10,20000000,1e-05,0,1,1,12,2,0,0,0.433150112
10,30000000,1e-05,0,1,1,12,3,0,0,0.734154841
10,40000000,1e-05,0,1,1,12,4,0,0,1.017838021
10,50000000,1e-05,0,1,1,12,5,0,0,1.240145716
10,60000000,1e-05,0,1,1,12,6,0,0,1.500643028
10,70000000,1e-05,0,1,1,12,7,0,0,1.6502462690000002
10,80000000,1e-05,0,1,1,12,8,0,0,1.7677675339999999
10,90000000,1e-05,0,1,1,12,9,0,0,1.8340740850000001
10,100000000,1e-05,0,1,1,12,10,0,0,1.996107268
10,110000000,1e-05,0,1,1,12,11,0,0,2.146395224
10,120000000,1e-05,0,1,1,12,12,0,0,2.295304774
10,10000000,1e-05,0,1,1,12,1,0,0,0.112072283
10,20000000,1e-05,0,1,1,12,2,0,0,0.434875477
10,30000000,1e-05,0,1,1,12,3,0,0,0.7391561
10,40000000,1e-05,0,1,1,12,4,0,0,1.014649705
10,50000000,1e-05,0,1,1,12,5,0,0,1.263670813
10,60000000,1e-05,0,1,1,12,6,0,0,1.486376814
10,70000000,1e-05,0,1,1,12,7,0,0,1.7032701399999999
10,80000000,1e-05,0,1,1,12,8,0,0,1.794958029
10,90000000,1e-05,0,1,1,12,9,0,0,1.9097528499999998
10,100000000,1e-05,0,1,1,12,10,0,0,2.007455165
10,110000000,1e-05,0,1,1,12,11,0,0,2.148099425
10,120000000,1e-05,0,1,1,12,12,0,0,2.29234498
10,10000000,1e-05,0,1,1,12,1,0,0,0.112415964
10,20000000,1e-05,0,1,1,12,2,0,0,0.436067357
10,30000000,1e-05,0,1,1,12,3,0,0,0.714920214
10,40000000,1e-05,0,1,1,12,4,0,0,0.996847009
10,50000000,1e-05,0,1,1,12,5,0,0,1.2602503729999999
10,60000000,1e-05,0,1,1,12,6,0,0,1.520857922
10,70000000,1e-05,0,1,1,12,7,0,0,1.672016818
10,80000000,1e-05,0,1,1,12,8,0,0,1.79208891
10,90000000,1e-05,0,1,1,12,9,0,0,1.913190803
10,100000000,1e-05,0,1,1,12,10,0,0,2.00394966
10,110000000,1e-05,0,1,1,12,11,0,0,2.140810813
10,120000000,1e-05,0,1,1,12,12,0,0,2.294239016
10,10000000,1e-05,0,1,1,12,1,0,0,0.112023121
10,20000000,1e-05,0,1,1,12,2,0,0,0.419370584
10,30000000,1e-05,0,1,1,12,3,0,0,0.736008274
10,40000000,1e-05,0,1,1,12,4,0,0,0.950063962
10,50000000,1e-05,0,1,1,12,5,0,0,1.267599739
10,60000000,1e-05,0,1,1,12,6,0,0,1.5330083060000002
10,70000000,1e-05,0,1,1,12,7,0,0,1.679980113
10,80000000,1e-05,0,1,1,12,8,0,0,1.804112177
10,90000000,1e-05,0,1,1,12,9,0,0,1.872465949
10,100000000,1e-05,0,1,1,12,10,0,0,2.004484058
10,110000000,1e-05,0,1,1,12,11,0,0,2.14356737
10,120000000,1e-05,0,1,1,12,12,0,0,2.29448881
10,10000000,1e-05,0,1,1,12,1,0,0,0.111682542
10,20000000,1e-05,0,1,1,12,2,0,0,0.440583474
10,30000000,1e-05,0,1,1,12,3,0,0,0.729626247
10,40000000,1e-05,0,1,1,12,4,0,0,1.022647876
10,50000000,1e-05,0,1,1,12,5,0,0,1.275157291
10,60000000,1e-05,0,1,1,12,6,0,0,1.544959762
10,70000000,1e-05,0,1,1,12,7,0,0,1.664836866
10,80000000,1e-05,0,1,1,12,8,0,0,1.762477235
10,90000000,1e-05,0,1,1,12,9,0,0,1.903374058
10,100000000,1e-05,0,1,1,12,10,0,0,1.998632074
10,110000000,1e-05,0,1,1,12,11,0,0,2.141214268
10,120000000,1e-05,0,1,1,12,12,0,0,2.289362597
10,10000000,1e-05,0,1,1,12,1,0,0,0.113334201
10,20000000,1e-05,0,1,1,12,2,0,0,0.438082411
10,30000000,1e-05,0,1,1,12,3,0,0,0.736842141
10,40000000,1e-05,0,1,1,12,4,0,0,1.028522137
10,50000000,1e-05,0,1,1,12,5,0,0,1.203999443
10,60000000,1e-05,0,1,1,12,6,0,0,1.541389718
10,70000000,1e-05,0,1,1,12,7,0,0,1.669028714
10,80000000,1e-05,0,1,1,12,8,0,0,1.775512887
10,90000000,1e-05,0,1,1,12,9,0,0,1.872836816
10,100000000,1e-05,0,1,1,12,10,0,0,2.008617185
10,110000000,1e-05,0,1,1,12,11,0,0,2.14459472
10,120000000,1e-05,0,1,1,12,12,0,0,2.297927472
10,10000000,1e-05,0,1,1,12,1,0,0,0.111447082
10,20000000,1e-05,0,1,1,12,2,0,0,0.44060941
10,30000000,1e-05,0,1,1,12,3,0,0,0.707936705
10,40000000,1e-05,0,1,1,12,4,0,0,1.002340575
10,50000000,1e-05,0,1,1,12,5,0,0,1.242904915
10,60000000,1e-05,0,1,1,12,6,0,0,1.486970179
10,70000000,1e-05,0,1,1,12,7,0,0,1.67030534
10,80000000,1e-05,0,1,1,12,8,0,0,1.791604374
10,90000000,1e-05,0,1,1,12,9,0,0,1.88601851
10,100000000,1e-05,0,1,1,12,10,0,0,1.994635231
10,110000000,1e-05,0,1,1,12,11,0,0,2.198494423
10,120000000,1e-05,0,1,1,12,12,0,0,2.304526133
10,10000000,1e-05,0,1,1,12,1,0,0,0.113173509
10,20000000,1e-05,0,1,1,12,2,0,0,0.417743318
10,30000000,1e-05,0,1,1,12,3,0,0,0.743089473
10,40000000,1e-05,0,1,1,12,4,0,0,1.030329535
10,50000000,1e-05,0,1,1,12,5,0,0,1.257879193
10,60000000,1e-05,0,1,1,12,6,0,0,1.512823682
10,70000000,1e-05,0,1,1,12,7,0,0,1.68711703
10,80000000,1e-05,0,1,1,12,8,0,0,1.796789188
10,90000000,1e-05,0,1,1,12,9,0,0,1.9194653480000001
10,100000000,1e-05,0,1,1,12,10,0,0,2.002668261
10,110000000,1e-05,0,1,1,12,11,0,0,2.143611437
10,120000000,1e-05,0,1,1,12,12,0,0,2.291143319
10,10000000,1e-05,0,1,1,12,1,0,0,0.112345389
10,20000000,1e-05,0,1,1,12,2,0,0,0.436729299
10,30000000,1e-05,0,1,1,12,3,0,0,0.728380189
10,40000000,1e-05,0,1,1,12,4,0,0,0.960792644
10,50000000,1e-05,0,1,1,12,5,0,0,1.201327132
10,60000000,1e-05,0,1,1,12,6,0,0,1.500071886
10,70000000,1e-05,0,1,1,12,7,0,0,1.6896707549999999
10,80000000,1e-05,0,1,1,12,8,0,0,1.828660642
10,90000000,1e-05,0,1,1,12,9,0,0,1.894796879
10,100000000,1e-05,0,1,1,12,10,0,0,2.004573379
10,110000000,1e-05,0,1,1,12,11,0,0,2.146866964
10,120000000,1e-05,0,1,1,12,12,0,0,2.298456514
10,10000000,1e-05,0,1,1,12,1,0,0,0.113280293
10,20000000,1e-05,0,1,1,12,2,0,0,0.439721686
10,30000000,1e-05,0,1,1,12,3,0,0,0.711800375
10,40000000,1e-05,0,1,1,12,4,0,0,1.028411267
10,50000000,1e-05,0,1,1,12,5,0,0,1.28947701
10,60000000,1e-05,0,1,1,12,6,0,0,1.3959285160000001
10,70000000,1e-05,0,1,1,12,7,0,0,1.647785645
10,80000000,1e-05,0,1,1,12,8,0,0,1.806730197
10,90000000,1e-05,0,1,1,12,9,0,0,1.905090946
10,100000000,1e-05,0,1,1,12,10,0,0,1.994874137
10,110000000,1e-05,0,1,1,12,11,0,0,2.145504616
10,120000000,1e-05,0,1,1,12,12,0,0,2.298240468
10,10000000,1e-05,0,1,1,12,1,0,0,0.112303869
10,20000000,1e-05,0,1,1,12,2,0,0,0.433226921
10,30000000,1e-05,0,1,1,12,3,0,0,0.726006408
10,40000000,1e-05,0,1,1,12,4,0,0,0.992319902
10,50000000,1e-05,0,1,1,12,5,0,0,1.2902532820000001
10,60000000,1e-05,0,1,1,12,6,0,0,1.543976014
10,70000000,1e-05,0,1,1,12,7,0,0,1.677302848
10,80000000,1e-05,0,1,1,12,8,0,0,1.7688069990000002
10,90000000,1e-05,0,1,1,12,9,0,0,1.902706528
10,100000000,1e-05,0,1,1,12,10,0,0,2.008905894
10,110000000,1e-05,0,1,1,12,11,0,0,2.138929755
10,120000000,1e-05,0,1,1,12,12,0,0,2.291830678
10,10000000,1e-05,0,1,1,12,1,0,0,0.111503769
10,20000000,1e-05,0,1,1,12,2,0,0,0.429012405
10,30000000,1e-05,0,1,1,12,3,0,0,0.67501317
10,40000000,1e-05,0,1,1,12,4,0,0,0.997761389
10,50000000,1e-05,0,1,1,12,5,0,0,1.284251078
10,60000000,1e-05,0,1,1,12,6,0,0,1.528843058
10,70000000,1e-05,0,1,1,12,7,0,0,1.692296077
10,80000000,1e-05,0,1,1,12,8,0,0,1.782976659
10,90000000,1e-05,0,1,1,12,9,0,0,1.897205337
10,100000000,1e-05,0,1,1,12,10,0,0,1.997919961
10,110000000,1e-05,0,1,1,12,11,0,0,2.14588792
10,120000000,1e-05,0,1,1,12,12,0,0,2.303525449
10,10000000,1e-05,0,1,1,12,1,0,0,0.112054633
10,20000000,1e-05,0,1,1,12,2,0,0,0.439297095
10,30000000,1e-05,0,1,1,12,3,0,0,0.709007642
10,40000000,1e-05,0,1,1,12,4,0,0,0.975644333
10,50000000,1e-05,0,1,1,12,5,0,0,1.202730405
10,60000000,1e-05,0,1,1,12,6,0,0,1.484030279
10,70000000,1e-05,0,1,1,12,7,0,0,1.671116351
10,80000000,1e-05,0,1,1,12,8,0,0,1.792011849
10,90000000,1e-05,0,1,1,12,9,0,0,1.921202583
10,100000000,1e-05,0,1,1,12,10,0,0,2.014024964
10,110000000,1e-05,0,1,1,12,11,0,0,2.1428173
10,120000000,1e-05,0,1,1,12,12,0,0,2.29253551
10,10000000,1e-05,0,1,1,12,1,0,0,0.113095279
10,20000000,1e-05,0,1,1,12,2,0,0,0.443543566
10,30000000,1e-05,0,1,1,12,3,0,0,0.732532332
10,40000000,1e-05,0,1,1,12,4,0,0,1.025629733
10,50000000,1e-05,0,1,1,12,5,0,0,1.276022097
10,60000000,1e-05,0,1,1,12,6,0,0,1.515800576
10,70000000,1e-05,0,1,1,12,7,0,0,1.6398208969999999
10,80000000,1e-05,0,1,1,12,8,0,0,1.781199526
10,90000000,1e-05,0,1,1,12,9,0,0,1.8651295
10,100000000,1e-05,0,1,1,12,10,0,0,1.989567401
10,110000000,1e-05,0,1,1,12,11,0,0,2.145411588
10,120000000,1e-05,0,1,1,12,12,0,0,2.297396973
10,10000000,1e-05,0,1,1,12,1,0,0,0.112086774
10,20000000,1e-05,0,1,1,12,2,0,0,0.427247991
10,30000000,1e-05,0,1,1,12,3,0,0,0.694842734
10,40000000,1e-05,0,1,1,12,4,0,0,1.014299977
10,50000000,1e-05,0,1,1,12,5,0,0,1.274429845
10,60000000,1e-05,0,1,1,12,6,0,0,1.5458557229999998
10,70000000,1e-05,0,1,1,12,7,0,0,1.702791307
10,80000000,1e-05,0,1,1,12,8,0,0,1.81567469
10,90000000,1e-05,0,1,1,12,9,0,0,1.909865004
10,100000000,1e-05,0,1,1,12,10,0,0,1.998632923
10,110000000,1e-05,0,1,1,12,11,0,0,2.142299923
10,120000000,1e-05,0,1,1,12,12,0,0,2.296347377
10,10000000,1e-05,0,1,1,12,1,0,0,0.111523117
10,20000000,1e-05,0,1,1,12,2,0,0,0.441232691
10,30000000,1e-05,0,1,1,12,3,0,0,0.729092225
10,40000000,1e-05,0,1,1,12,4,0,0,1.002382504
10,50000000,1e-05,0,1,1,12,5,0,0,1.239240763
10,60000000,1e-05,0,1,1,12,6,0,0,1.547645169
10,70000000,1e-05,0,1,1,12,7,0,0,1.674384414
10,80000000,1e-05,0,1,1,12,8,0,0,1.825200099
10,90000000,1e-05,0,1,1,12,9,0,0,1.875858779
10,100000000,1e-05,0,1,1,12,10,0,0,2.004166467
10,110000000,1e-05,0,1,1,12,11,0,0,2.1459279159999998
10,120000000,1e-05,0,1,1,12,12,0,0,2.295393443
10,10000000,1e-05,0,1,1,12,1,0,0,0.111967195
10,20000000,1e-05,0,1,1,12,2,0,0,0.420547298
10,30000000,1e-05,0,1,1,12,3,0,0,0.738862931
10,40000000,1e-05,0,1,1,12,4,0,0,0.972793996
10,50000000,1e-05,0,1,1,12,5,0,0,1.2005661
10,60000000,1e-05,0,1,1,12,6,0,0,1.5326859160000001
10,70000000,1e-05,0,1,1,12,7,0,0,1.6561385180000001
10,80000000,1e-05,0,1,1,12,8,0,0,1.777425136
10,90000000,1e-05,0,1,1,12,9,0,0,1.8897574110000002
10,100000000,1e-05,0,1,1,12,10,0,0,1.992912965
10,110000000,1e-05,0,1,1,12,11,0,0,2.14016678
10,120000000,1e-05,0,1,1,12,12,0,0,2.295972085
10,10000000,1e-05,0,1,1,12,1,0,0,0.111591579
10,20000000,1e-05,0,1,1,12,2,0,0,0.439595629
10,30000000,1e-05,0,1,1,12,3,0,0,0.68568959
10,40000000,1e-05,0,1,1,12,4,0,0,1.022321745
10,50000000,1e-05,0,1,1,12,5,0,0,1.21400208
10,60000000,1e-05,0,1,1,12,6,0,0,1.533373175
10,70000000,1e-05,0,1,1,12,7,0,0,1.686895762
10,80000000,1e-05,0,1,1,12,8,0,0,1.80830289
10,90000000,1e-05,0,1,1,12,9,0,0,1.883203338
10,100000000,1e-05,0,1,1,12,10,0,0,2.00948673
10,110000000,1e-05,0,1,1,12,11,0,0,2.140805004
10,120000000,1e-05,0,1,1,12,12,0,0,2.290053409
10,10000000,1e-05,0,1,1,12,1,0,0,0.113952757
10,20000000,1e-05,0,1,1,12,2,0,0,0.436530117
10,30000000,1e-05,0,1,1,12,3,0,0,0.699514765
10,40000000,1e-05,0,1,1,12,4,0,0,0.996436942
10,50000000,1e-05,0,1,1,12,5,0,0,1.29089997
10,60000000,1e-05,0,1,1,12,6,0,0,1.545888417
10,70000000,1e-05,0,1,1,12,7,0,0,1.662620475
10,80000000,1e-05,0,1,1,12,8,0,0,1.7931436459999999
10,90000000,1e-05,0,1,1,12,9,0,0,1.857246344
10,100000000,1e-05,0,1,1,12,10,0,0,2.007138392
10,110000000,1e-05,0,1,1,12,11,0,0,2.138421045
10,120000000,1e-05,0,1,1,12,12,0,0,2.291750472
10,10000000,1e-05,0,1,1,12,1,0,0,0.11229377
10,20000000,1e-05,0,1,1,12,2,0,0,0.411661611
10,30000000,1e-05,0,1,1,12,3,0,0,0.738183792
10,40000000,1e-05,0,1,1,12,4,0,0,0.978295037
10,50000000,1e-05,0,1,1,12,5,0,0,1.192026319
10,60000000,1e-05,0,1,1,12,6,0,0,1.533609494
10,70000000,1e-05,0,1,1,12,7,0,0,1.6378811180000001
10,80000000,1e-05,0,1,1,12,8,0,0,1.75874571
10,90000000,1e-05,0,1,1,12,9,0,0,1.908226012
10,100000000,1e-05,0,1,1,12,10,0,0,2.00967265
10,110000000,1e-05,0,1,1,12,11,0,0,2.148475033
10,120000000,1e-05,0,1,1,12,12,0,0,2.293926167
10,10000000,1e-05,0,1,1,12,1,0,0,0.111954842
10,20000000,1e-05,0,1,1,12,2,0,0,0.420709013
10,30000000,1e-05,0,1,1,12,3,0,0,0.749918946
10,40000000,1e-05,0,1,1,12,4,0,0,0.992026713
10,50000000,1e-05,0,1,1,12,5,0,0,1.273869623
10,60000000,1e-05,0,1,1,12,6,0,0,1.509487714
10,70000000,1e-05,0,1,1,12,7,0,0,1.699732399
10,80000000,1e-05,0,1,1,12,8,0,0,1.7846902930000001
10,90000000,1e-05,0,1,1,12,9,0,0,1.934370437
10,100000000,1e-05,0,1,1,12,10,0,0,2.012861286
10,110000000,1e-05,0,1,1,12,11,0,0,2.139894635
10,120000000,1e-05,0,1,1,12,12,0,0,2.294040915
10,10000000,1e-05,0,1,1,12,1,0,0,0.111491147
10,20000000,1e-05,0,1,1,12,2,0,0,0.40153777
10,30000000,1e-05,0,1,1,12,3,0,0,0.733669106
10,40000000,1e-05,0,1,1,12,4,0,0,1.038063252
10,50000000,1e-05,0,1,1,12,5,0,0,1.288935604
10,60000000,1e-05,0,1,1,12,6,0,0,1.5330004160000001
10,70000000,1e-05,0,1,1,12,7,0,0,1.675458873
10,80000000,1e-05,0,1,1,12,8,0,0,1.807083859
10,90000000,1e-05,0,1,1,12,9,0,0,1.88832888
10,100000000,1e-05,0,1,1,12,10,0,0,2.016279994
10,110000000,1e-05,0,1,1,12,11,0,0,2.143931176
10,120000000,1e-05,0,1,1,12,12,0,0,2.290944228
10,10000000,1e-05,0,1,1,12,1,0,0,0.113039483
10,20000000,1e-05,0,1,1,12,2,0,0,0.446712095
10,30000000,1e-05,0,1,1,12,3,0,0,0.744865377
10,40000000,1e-05,0,1,1,12,4,0,0,1.009123275
10,50000000,1e-05,0,1,1,12,5,0,0,1.168633541
10,60000000,1e-05,0,1,1,12,6,0,0,1.531023957
10,70000000,1e-05,0,1,1,12,7,0,0,1.685630476
10,80000000,1e-05,0,1,1,12,8,0,0,1.832161389
10,90000000,1e-05,0,1,1,12,9,0,0,1.901452093
10,100000000,1e-05,0,1,1,12,10,0,0,2.006160401
10,110000000,1e-05,0,1,1,12,11,0,0,2.145233317
10,120000000,1e-05,0,1,1,12,12,0,0,2.295309134
10,10000000,1e-05,0.001,1,1,12,1,1,12,0.118777347
10,20000000,1e-05,0.001,1,1,12,2,1,12,0.126287234
10,30000000,1e-05,0.001,1,1,12,3,1,12,0.136658905
10,40000000,1e-05,0.001,1,1,12,4,1,12,0.146526047
10,50000000,1e-05,0.001,1,1,12,5,1,12,0.163327789
10,60000000,1e-05,0.001,1,1,12,6,1,12,0.168068759
10,70000000,1e-05,0.001,1,1,12,7,1,12,0.194927745
10,80000000,1e-05,0.001,1,1,12,8,1,12,0.210448757
10,90000000,1e-05,0.001,1,1,12,9,1,12,0.246965961
10,100000000,1e-05,0.001,1,1,12,10,1,12,0.270197678
10,110000000,1e-05,0.001,1,1,12,11,1,12,0.318162813
10,120000000,1e-05,0.001,1,1,12,12,1,12,0.357919176
10,10000000,1e-05,0.001,1,1,12,1,1,12,0.118114151
10,20000000,1e-05,0.001,1,1,12,2,1,12,0.129205059
10,30000000,1e-05,0.001,1,1,12,3,1,12,0.135879276
10,40000000,1e-05,0.001,1,1,12,4,1,12,0.14571327
10,50000000,1e-05,0.001,1,1,12,5,1,12,0.164596551
10,60000000,1e-05,0.001,1,1,12,6,1,12,0.177496041
10,70000000,1e-05,0.001,1,1,12,7,1,12,0.208637729
10,80000000,1e-05,0.001,1,1,12,8,1,12,0.231867227
10,90000000,1e-05,0.001,1,1,12,9,1,12,0.273934793
10,100000000,1e-05,0.001,1,1,12,10,1,12,0.295820584
10,110000000,1e-05,0.001,1,1,12,11,1,12,0.320636121
10,120000000,1e-05,0.001,1,1,12,12,1,12,0.357418861
10,10000000,1e-05,0.001,1,1,12,1,1,12,0.118031203
10,20000000,1e-05,0.001,1,1,12,2,1,12,0.127599064
10,30000000,1e-05,0.001,1,1,12,3,1,12,0.138849473
10,40000000,1e-05,0.001,1,1,12,4,1,12,0.149506637
10,50000000,1e-05,0.001,1,1,12,5,1,12,0.166932225
10,60000000,1e-05,0.001,1,1,12,6,1,12,0.181115974
10,70000000,1e-05,0.001,1,1,12,7,1,12,0.211403711
10,80000000,1e-05,0.001,1,1,12,8,1,12,0.244753439
10,90000000,1e-05,0.001,1,1,12,9,1,12,0.271391754
10,100000000,1e-05,0.001,1,1,12,10,1,12,0.302841585
10,110000000,1e-05,0.001,1,1,12,11,1,12,0.323413148
10,120000000,1e-05,0.001,1,1,12,12,1,12,0.353099107
10,10000000,1e-05,0.001,1,1,12,1,1,12,0.118420577
10,20000000,1e-05,0.001,1,1,12,2,1,12,0.130432518
10,30000000,1e-05,0.001,1,1,12,3,1,12,0.134720345
10,40000000,1e-05,0.001,1,1,12,4,1,12,0.152259113
10,50000000,1e-05,0.001,1,1,12,5,1,12,0.163226095
10,60000000,1e-05,0.001,1,1,12,6,1,12,0.181904483
10,70000000,1e-05,0.001,1,1,12,7,1,12,0.214509621
10,80000000,1e-05,0.001,1,1,12,8,1,12,0.231867749
10,90000000,1e-05,0.001,1,1,12,9,1,12,0.267264441
10,100000000,1e-05,0.001,1,1,12,10,1,12,0.297852135
10,110000000,1e-05,0.001,1,1,12,11,1,12,0.329942844
10,120000000,1e-05,0.001,1,1,12,12,1,12,0.359630341
10,10000000,1e-05,0.001,1,1,12,1,1,12,0.119571445
10,20000000,1e-05,0.001,1,1,12,2,1,12,0.130203261
10,30000000,1e-05,0.001,1,1,12,3,1,12,0.134888169
10,40000000,1e-05,0.001,1,1,12,4,1,12,0.146755421
10,50000000,1e-05,0.001,1,1,12,5,1,12,0.16214931
10,60000000,1e-05,0.001,1,1,12,6,1,12,0.183710191
10,70000000,1e-05,0.001,1,1,12,7,1,12,0.211522138
10,80000000,1e-05,0.001,1,1,12,8,1,12,0.241017126
10,90000000,1e-05,0.001,1,1,12,9,1,12,0.263232476
10,100000000,1e-05,0.001,1,1,12,10,1,12,0.294020163
10,110000000,1e-05,0.001,1,1,12,11,1,12,0.310101844
10,120000000,1e-05,0.001,1,1,12,12,1,12,0.35367599
10,10000000,1e-05,0.001,1,1,12,1,1,12,0.119001644
10,20000000,1e-05,0.001,1,1,12,2,1,12,0.131951338
10,30000000,1e-05,0.001,1,1,12,3,1,12,0.139860847
10,40000000,1e-05,0.001,1,1,12,4,1,12,0.148503266
10,50000000,1e-05,0.001,1,1,12,5,1,12,0.162937533
10,60000000,1e-05,0.001,1,1,12,6,1,12,0.181405701
10,70000000,1e-05,0.001,1,1,12,7,1,12,0.211465488
10,80000000,1e-05,0.001,1,1,12,8,1,12,0.228964526
10,90000000,1e-05,0.001,1,1,12,9,1,12,0.260419721
10,100000000,1e-05,0.001,1,1,12,10,1,12,0.301961252
10,110000000,1e-05,0.001,1,1,12,11,1,12,0.340811282
10,120000000,1e-05,0.001,1,1,12,12,1,12,0.354068411
10,10000000,1e-05,0.001,1,1,12,1,1,12,0.118368517
10,20000000,1e-05,0.001,1,1,12,2,1,12,0.12737215
10,30000000,1e-05,0.001,1,1,12,3,1,12,0.138949478
10,40000000,1e-05,0.001,1,1,12,4,1,12,0.146651683
10,50000000,1e-05,0.001,1,1,12,5,1,12,0.168855762
10,60000000,1e-05,0.001,1,1,12,6,1,12,0.184866908
10,70000000,1e-05,0.001,1,1,12,7,1,12,0.207938784
10,80000000,1e-05,0.001,1,1,12,8,1,12,0.230183037
10,90000000,1e-05,0.001,1,1,12,9,1,12,0.265985312
10,100000000,1e-05,0.001,1,1,12,10,1,12,0.292595232
10,110000000,1e-05,0.001,1,1,12,11,1,12,0.326582537
10,120000000,1e-05,0.001,1,1,12,12,1,12,0.352991776
10,10000000,1e-05,0.001,1,1,12,1,1,12,0.119102589
10,20000000,1e-05,0.001,1,1,12,2,1,12,0.126732474
10,30000000,1e-05,0.001,1,1,12,3,1,12,0.137948702
10,40000000,1e-05,0.001,1,1,12,4,1,12,0.144028694
10,50000000,1e-05,0.001,1,1,12,5,1,12,0.166688384
10,60000000,1e-05,0.001,1,1,12,6,1,12,0.181485064
10,70000000,1e-05,0.001,1,1,12,7,1,12,0.201897556
10,80000000,1e-05,0.001,1,1,12,8,1,12,0.245408088
10,90000000,1e-05,0.001,1,1,12,9,1,12,0.265513201
10,100000000,1e-05,0.001,1,1,12,10,1,12,0.288389714
10,110000000,1e-05,0.001,1,1,12,11,1,12,0.323216282
10,120000000,1e-05,0.001,1,1,12,12,1,12,0.353053473
10,10000000,1e-05,0.001,1,1,12,1,1,12,0.119112308
10,20000000,1e-05,0.001,1,1,12,2,1,12,0.128161292
10,30000000,1e-05,0.001,1,1,12,3,1,12,0.133773106
10,40000000,1e-05,0.001,1,1,12,4,1,12,0.144387404
10,50000000,1e-05,0.001,1,1,12,5,1,12,0.161764729
10,60000000,1e-05,0.001,1,1,12,6,1,12,0.186063344
10,70000000,1e-05,0.001,1,1,12,7,1,12,0.198970244
10,80000000,1e-05,0.001,1,1,12,8,1,12,0.241946931
10,90000000,1e-05,0.001,1,1,12,9,1,12,0.263530295
10,100000000,1e-05,0.001,1,1,12,10,1,12,0.288663697
10,110000000,1e-05,0.001,1,1,12,11,1,12,0.311740384
10,120000000,1e-05,0.001,1,1,12,12,1,12,0.352115203
10,10000000,1e-05,0.001,1,1,12,1,1,12,0.118285739
10,20000000,1e-05,0.001,1,1,12,2,1,12,0.127685299
10,30000000,1e-05,0.001,1,1,12,3,1,12,0.13793974
10,40000000,1e-05,0.001,1,1,12,4,1,12,0.150970097
10,50000000,1e-05,0.001,1,1,12,5,1,12,0.163041642
10,60000000,1e-05,0.001,1,1,12,6,1,12,0.182172315
10,70000000,1e-05,0.001,1,1,12,7,1,12,0.205198835
10,80000000,1e-05,0.001,1,1,12,8,1,12,0.236734079
10,90000000,1e-05,0.001,1,1,12,9,1,12,0.269217918
10,100000000,1e-05,0.001,1,1,12,10,1,12,0.290686224
10,110000000,1e-05,0.001,1,1,12,11,1,12,0.328914128
10,120000000,1e-05,0.001,1,1,12,12,1,12,0.349928191
10,10000000,1e-05,0.001,1,1,12,1,1,12,0.119504619
10,20000000,1e-05,0.001,1,1,12,2,1,12,0.131203821
10,30000000,1e-05,0.001,1,1,12,3,1,12,0.135132571
10,40000000,1e-05,0.001,1,1,12,4,1,12,0.147242821
10,50000000,1e-05,0.001,1,1,12,5,1,12,0.164771315
10,60000000,1e-05,0.001,1,1,12,6,1,12,0.186379336
10,70000000,1e-05,0.001,1,1,12,7,1,12,0.215394279
10,80000000,1e-05,0.001,1,1,12,8,1,12,0.244499754
10,90000000,1e-05,0.001,1,1,12,9,1,12,0.269038836
10,100000000,1e-05,0.001,1,1,12,10,1,12,0.295804309
10,110000000,1e-05,0.001,1,1,12,11,1,12,0.321435226
10,120000000,1e-05,0.001,1,1,12,12,1,12,0.354972036
10,10000000,1e-05,0.001,1,1,12,1,1,12,0.119319759
10,20000000,1e-05,0.001,1,1,12,2,1,12,0.126284815
10,30000000,1e-05,0.001,1,1,12,3,1,12,0.137909102
10,40000000,1e-05,0.001,1,1,12,4,1,12,0.148185891
10,50000000,1e-05,0.001,1,1,12,5,1,12,0.165283146
10,60000000,1e-05,0.001,1,1,12,6,1,12,0.181870353
10,70000000,1e-05,0.001,1,1,12,7,1,12,0.205069537
10,80000000,1e-05,0.001,1,1,12,8,1,12,0.241961889
10,90000000,1e-05,0.001,1,1,12,9,1,12,0.273294897
10,100000000,1e-05,0.001,1,1,12,10,1,12,0.298710278
10,110000000,1e-05,0.001,1,1,12,11,1,12,0.330059166
10,120000000,1e-05,0.001,1,1,12,12,1,12,0.35090953
10,10000000,1e-05,0.001,1,1,12,1,1,12,0.120655945
10,20000000,1e-05,0.001,1,1,12,2,1,12,0.130689244
10,30000000,1e-05,0.001,1,1,12,3,1,12,0.138811955
10,40000000,1e-05,0.001,1,1,12,4,1,12,0.147410025
10,50000000,1e-05,0.001,1,1,12,5,1,12,0.165018327
10,60000000,1e-05,0.001,1,1,12,6,1,12,0.180289108
10,70000000,1e-05,0.001,1,1,12,7,1,12,0.21148193
10,80000000,1e-05,0.001,1,1,12,8,1,12,0.236460315
10,90000000,1e-05,0.001,1,1,12,9,1,12,0.274164487
10,100000000,1e-05,0.001,1,1,12,10,1,12,0.292618972
10,110000000,1e-05,0.001,1,1,12,11,1,12,0.325924976
10,120000000,1e-05,0.001,1,1,12,12,1,12,0.364630524
10,10000000,1e-05,0.001,1,1,12,1,1,12,0.118584009
10,20000000,1e-05,0.001,1,1,12,2,1,12,0.13424982
10,30000000,1e-05,0.001,1,1,12,3,1,12,0.136557511
10,40000000,1e-05,0.001,1,1,12,4,1,12,0.144846676
10,50000000,1e-05,0.001,1,1,12,5,1,12,0.170953647
10,60000000,1e-05,0.001,1,1,12,6,1,12,0.184512061
10,70000000,1e-05,0.001,1,1,12,7,1,12,0.211606246
10,80000000,1e-05,0.001,1,1,12,8,1,12,0.238116768
10,90000000,1e-05,0.001,1,1,12,9,1,12,0.277298184
10,100000000,1e-05,0.001,1,1,12,10,1,12,0.291722156
10,110000000,1e-05,0.001,1,1,12,11,1,12,0.328192611
10,120000000,1e-05,0.001,1,1,12,12,1,12,0.356870008
10,10000000,1e-05,0.001,1,1,12,1,1,12,0.118223441
10,20000000,1e-05,0.001,1,1,12,2,1,12,0.130269728
10,30000000,1e-05,0.001,1,1,12,3,1,12,0.137318774
10,40000000,1e-05,0.001,1,1,12,4,1,12,0.148504218
10,50000000,1e-05,0.001,1,1,12,5,1,12,0.187364176
10,60000000,1e-05,0.001,1,1,12,6,1,12,0.185355392
10,70000000,1e-05,0.001,1,1,12,7,1,12,0.204230055
10,80000000,1e-05,0.001,1,1,12,8,1,12,0.232024867
10,90000000,1e-05,0.001,1,1,12,9,1,12,0.273312514
10,100000000,1e-05,0.001,1,1,12,10,1,12,0.291738286
10,110000000,1e-05,0.001,1,1,12,11,1,12,0.318806714
10,120000000,1e-05,0.001,1,1,12,12,1,12,0.352896093
10,10000000,1e-05,0.001,1,1,12,1,1,12,0.118769904
10,20000000,1e-05,0.001,1,1,12,2,1,12,0.128237072
10,30000000,1e-05,0.001,1,1,12,3,1,12,0.138474831
10,40000000,1e-05,0.001,1,1,12,4,1,12,0.149216238
10,50000000,1e-05,0.001,1,1,12,5,1,12,0.165280847
10,60000000,1e-05,0.001,1,1,12,6,1,12,0.18807782
10,70000000,1e-05,0.001,1,1,12,7,1,12,0.205445646
10,80000000,1e-05,0.001,1,1,12,8,1,12,0.235438063
10,90000000,1e-05,0.001,1,1,12,9,1,12,0.275484341
10,100000000,1e-05,0.001,1,1,12,10,1,12,0.280823459
10,110000000,1e-05,0.001,1,1,12,11,1,12,0.332278332
10,120000000,1e-05,0.001,1,1,12,12,1,12,0.35641154
10,10000000,1e-05,0.001,1,1,12,1,1,12,0.1199465
10,20000000,1e-05,0.001,1,1,12,2,1,12,0.130289285
10,30000000,1e-05,0.001,1,1,12,3,1,12,0.136605037
10,40000000,1e-05,0.001,1,1,12,4,1,12,0.145200993
10,50000000,1e-05,0.001,1,1,12,5,1,12,0.164647989
10,60000000,1e-05,0.001,1,1,12,6,1,12,0.177746526
10,70000000,1e-05,0.001,1,1,12,7,1,12,0.212197707
10,80000000,1e-05,0.001,1,1,12,8,1,12,0.238653022
10,90000000,1e-05,0.001,1,1,12,9,1,12,0.273064511
10,100000000,1e-05,0.001,1,1,12,10,1,12,0.294420862
10,110000000,1e-05,0.001,1,1,12,11,1,12,0.32976356
10,120000000,1e-05,0.001,1,1,12,12,1,12,0.363173904
10,10000000,1e-05,0.001,1,1,12,1,1,12,0.118478427
10,20000000,1e-05,0.001,1,1,12,2,1,12,0.13216178
10,30000000,1e-05,0.001,1,1,12,3,1,12,0.137953997
10,40000000,1e-05,0.001,1,1,12,4,1,12,0.147711185
10,50000000,1e-05,0.001,1,1,12,5,1,12,0.165281448
10,60000000,1e-05,0.001,1,1,12,6,1,12,0.181446274
10,70000000,1e-05,0.001,1,1,12,7,1,12,0.208856121
10,80000000,1e-05,0.001,1,1,12,8,1,12,0.257081373
10,90000000,1e-05,0.001,1,1,12,9,1,12,0.254967136
10,100000000,1e-05,0.001,1,1,12,10,1,12,0.298664974
10,110000000,1e-05,0.001,1,1,12,11,1,12,0.324623327
10,120000000,1e-05,0.001,1,1,12,12,1,12,0.351499075
10,10000000,1e-05,0.001,1,1,12,1,1,12,0.118689901
10,20000000,1e-05,0.001,1,1,12,2,1,12,0.125792224
10,30000000,1e-05,0.001,1,1,12,3,1,12,0.135295932
10,40000000,1e-05,0.001,1,1,12,4,1,12,0.146575129
10,50000000,1e-05,0.001,1,1,12,5,1,12,0.16297025
10,60000000,1e-05,0.001,1,1,12,6,1,12,0.178863949
10,70000000,1e-05,0.001,1,1,12,7,1,12,0.212930735
10,80000000,1e-05,0.001,1,1,12,8,1,12,0.243449408
10,90000000,1e-05,0.001,1,1,12,9,1,12,0.262935859
10,100000000,1e-05,0.001,1,1,12,10,1,12,0.302657336
10,110000000,1e-05,0.001,1,1,12,11,1,12,0.314551629
10,120000000,1e-05,0.001,1,1,12,12,1,12,0.353380467
10,10000000,1e-05,0.001,1,1,12,1,1,12,0.119136973
10,20000000,1e-05,0.001,1,1,12,2,1,12,0.129036152
10,30000000,1e-05,0.001,1,1,12,3,1,12,0.136944371
10,40000000,1e-05,0.001,1,1,12,4,1,12,0.147388148
10,50000000,1e-05,0.001,1,1,12,5,1,12,0.167506977
10,60000000,1e-05,0.001,1,1,12,6,1,12,0.187543667
10,70000000,1e-05,0.001,1,1,12,7,1,12,0.206600418
10,80000000,1e-05,0.001,1,1,12,8,1,12,0.231824941
10,90000000,1e-05,0.001,1,1,12,9,1,12,0.268285808
10,100000000,1e-05,0.001,1,1,12,10,1,12,0.298134998
10,110000000,1e-05,0.001,1,1,12,11,1,12,0.326469612
10,120000000,1e-05,0.001,1,1,12,12,1,12,0.359921515
10,10000000,1e-05,0.001,1,1,12,1,1,12,0.119012477
10,20000000,1e-05,0.001,1,1,12,2,1,12,0.131910509
10,30000000,1e-05,0.001,1,1,12,3,1,12,0.139683899
10,40000000,1e-05,0.001,1,1,12,4,1,12,0.148214055
10,50000000,1e-05,0.001,1,1,12,5,1,12,0.16354872
10,60000000,1e-05,0.001,1,1,12,6,1,12,0.184097625
10,70000000,1e-05,0.001,1,1,12,7,1,12,0.217418642
10,80000000,1e-05,0.001,1,1,12,8,1,12,0.224649127
10,90000000,1e-05,0.001,1,1,12,9,1,12,0.275149758
10,100000000,1e-05,0.001,1,1,12,10,1,12,0.298934333
10,110000000,1e-05,0.001,1,1,12,11,1,12,0.288164503
10,120000000,1e-05,0.001,1,1,12,12,1,12,0.351643541
10,10000000,1e-05,0.001,1,1,12,1,1,12,0.119224991
10,20000000,1e-05,0.001,1,1,12,2,1,12,0.128203332
10,30000000,1e-05,0.001,1,1,12,3,1,12,0.138024682
10,40000000,1e-05,0.001,1,1,12,4,1,12,0.148487276
10,50000000,1e-05,0.001,1,1,12,5,1,12,0.164885742
10,60000000,1e-05,0.001,1,1,12,6,1,12,0.18208356
10,70000000,1e-05,0.001,1,1,12,7,1,12,0.209106865
10,80000000,1e-05,0.001,1,1,12,8,1,12,0.234308336
10,90000000,1e-05,0.001,1,1,12,9,1,12,0.25063686
10,100000000,1e-05,0.001,1,1,12,10,1,12,0.293676667
10,110000000,1e-05,0.001,1,1,12,11,1,12,0.317814093
10,120000000,1e-05,0.001,1,1,12,12,1,12,0.360118445
10,10000000,1e-05,0.001,1,1,12,1,1,12,0.119593516
10,20000000,1e-05,0.001,1,1,12,2,1,12,0.129363959
10,30000000,1e-05,0.001,1,1,12,3,1,12,0.135966389
10,40000000,1e-05,0.001,1,1,12,4,1,12,0.148964759
10,50000000,1e-05,0.001,1,1,12,5,1,12,0.164966466
10,60000000,1e-05,0.001,1,1,12,6,1,12,0.181921294
10,70000000,1e-05,0.001,1,1,12,7,1,12,0.205365422
10,80000000,1e-05,0.001,1,1,12,8,1,12,0.238904973
10,90000000,1e-05,0.001,1,1,12,9,1,12,0.270937526
10,100000000,1e-05,0.001,1,1,12,10,1,12,0.284918215
10,110000000,1e-05,0.001,1,1,12,11,1,12,0.297338603
10,120000000,1e-05,0.001,1,1,12,12,1,12,0.346263696
10,10000000,1e-05,0.001,1,1,12,1,1,12,0.118592766
10,20000000,1e-05,0.001,1,1,12,2,1,12,0.126976371
10,30000000,1e-05,0.001,1,1,12,3,1,12,0.138631341
10,40000000,1e-05,0.001,1,1,12,4,1,12,0.148894414
10,50000000,1e-05,0.001,1,1,12,5,1,12,0.163078632
10,60000000,1e-05,0.001,1,1,12,6,1,12,0.178795553
10,70000000,1e-05,0.001,1,1,12,7,1,12,0.208787577
10,80000000,1e-05,0.001,1,1,12,8,1,12,0.237025496
10,90000000,1e-05,0.001,1,1,12,9,1,12,0.26454629
10,100000000,1e-05,0.001,1,1,12,10,1,12,0.270761219
10,110000000,1e-05,0.001,1,1,12,11,1,12,0.322971083
10,120000000,1e-05,0.001,1,1,12,12,1,12,0.354568536
10,10000000,1e-05,0.001,1,1,12,1,1,12,0.119062132
10,20000000,1e-05,0.001,1,1,12,2,1,12,0.130447406
10,30000000,1e-05,0.001,1,1,12,3,1,12,0.138347388
10,40000000,1e-05,0.001,1,1,12,4,1,12,0.144813839
10,50000000,1e-05,0.001,1,1,12,5,1,12,0.163474679
10,60000000,1e-05,0.001,1,1,12,6,1,12,0.18190267
10,70000000,1e-05,0.001,1,1,12,7,1,12,0.208553203
10,80000000,1e-05,0.001,1,1,12,8,1,12,0.241053084
10,90000000,1e-05,0.001,1,1,12,9,1,12,0.264733767
10,100000000,1e-05,0.001,1,1,12,10,1,12,0.301064551
10,110000000,1e-05,0.001,1,1,12,11,1,12,0.327669673
10,120000000,1e-05,0.001,1,1,12,12,1,12,0.363242145
10,10000000,1e-05,0.001,1,1,12,1,1,12,0.119182901
10,20000000,1e-05,0.001,1,1,12,2,1,12,0.130674815
10,30000000,1e-05,0.001,1,1,12,3,1,12,0.1362903
10,40000000,1e-05,0.001,1,1,12,4,1,12,0.155466925
10,50000000,1e-05,0.001,1,1,12,5,1,12,0.164844302
10,60000000,1e-05,0.001,1,1,12,6,1,12,0.177317784
10,70000000,1e-05,0.001,1,1,12,7,1,12,0.210142721
10,80000000,1e-05,0.001,1,1,12,8,1,12,0.232441331
10,90000000,1e-05,0.001,1,1,12,9,1,12,0.262661554
10,100000000,1e-05,0.001,1,1,12,10,1,12,0.296889058
10,110000000,1e-05,0.001,1,1,12,11,1,12,0.319492329
10,120000000,1e-05,0.001,1,1,12,12,1,12,0.354481607
10,10000000,1e-05,0.001,1,1,12,1,1,12,0.118530605
10,20000000,1e-05,0.001,1,1,12,2,1,12,0.131972672
10,30000000,1e-05,0.001,1,1,12,3,1,12,0.139530245
10,40000000,1e-05,0.001,1,1,12,4,1,12,0.146267537
10,50000000,1e-05,0.001,1,1,12,5,1,12,0.165590336
10,60000000,1e-05,0.001,1,1,12,6,1,12,0.183739955
10,70000000,1e-05,0.001,1,1,12,7,1,12,0.203622674
10,80000000,1e-05,0.001,1,1,12,8,1,12,0.243794585
10,90000000,1e-05,0.001,1,1,12,9,1,12,0.270562498
10,100000000,1e-05,0.001,1,1,12,10,1,12,0.278728487
10,110000000,1e-05,0.001,1,1,12,11,1,12,0.320353824
10,120000000,1e-05,0.001,1,1,12,12,1,12,0.35244605
10,10000000,1e-05,0.001,1,1,12,1,1,12,0.119945501
10,20000000,1e-05,0.001,1,1,12,2,1,12,0.128452867
10,30000000,1e-05,0.001,1,1,12,3,1,12,0.136037888
10,40000000,1e-05,0.001,1,1,12,4,1,12,0.144817535
10,50000000,1e-05,0.001,1,1,12,5,1,12,0.166167168
10,60000000,1e-05,0.001,1,1,12,6,1,12,0.186033514
10,70000000,1e-05,0.001,1,1,12,7,1,12,0.2044373
10,80000000,1e-05,0.001,1,1,12,8,1,12,0.241471971
10,90000000,1e-05,0.001,1,1,12,9,1,12,0.262696101
10,100000000,1e-05,0.001,1,1,12,10,1,12,0.289857585
10,110000000,1e-05,0.001,1,1,12,11,1,12,0.328411071
10,120000000,1e-05,0.001,1,1,12,12,1,12,0.351516508
10,10000000,1e-05,0.001,1,1,12,1,1,12,0.120624183
10,20000000,1e-05,0.001,1,1,12,2,1,12,0.126899754
10,30000000,1e-05,0.001,1,1,12,3,1,12,0.138235464
10,40000000,1e-05,0.001,1,1,12,4,1,12,0.153412554
10,50000000,1e-05,0.001,1,1,12,5,1,12,0.166191244
10,60000000,1e-05,0.001,1,1,12,6,1,12,0.182623104
10,70000000,1e-05,0.001,1,1,12,7,1,12,0.21068694
10,80000000,1e-05,0.001,1,1,12,8,1,12,0.242556847
10,90000000,1e-05,0.001,1,1,12,9,1,12,0.268026917
10,100000000,1e-05,0.001,1,1,12,10,1,12,0.288189341
10,110000000,1e-05,0.001,1,1,12,11,1,12,0.311285958
10,120000000,1e-05,0.001,1,1,12,12,1,12,0.347915111
10,10000000,1e-05,0.001,1,1,12,1,1,12,0.118915191
10,20000000,1e-05,0.001,1,1,12,2,1,12,0.125616563
10,30000000,1e-05,0.001,1,1,12,3,1,12,0.137399659
10,40000000,1e-05,0.001,1,1,12,4,1,12,0.147805193
10,50000000,1e-05,0.001,1,1,12,5,1,12,0.163073997
10,60000000,1e-05,0.001,1,1,12,6,1,12,0.185781803
10,70000000,1e-05,0.001,1,1,12,7,1,12,0.206210805
10,80000000,1e-05,0.001,1,1,12,8,1,12,0.23132469
10,90000000,1e-05,0.001,1,1,12,9,1,12,0.252419497
10,100000000,1e-05,0.001,1,1,12,10,1,12,0.296368048
10,110000000,1e-05,0.001,1,1,12,11,1,12,0.335155994
10,120000000,1e-05,0.001,1,1,12,12,1,12,0.352061417
