g_by_proc
[2.551698630527889e-08,]
[10,]
p_of_write
[2.1404266915046824e-08,2.46723876010401e-08,2.7135718922506794e-08,2.8855571782521842e-08,]
[1e-05,0.00034,0.00067,0.001,]
p_of_cpu_info
[2.551698630527889e-08,]
[0,]
w_num
[2.5395552689777764e-08,2.5470567383678136e-08,2.556188555120792e-08,2.563993959645174e-08,]
[1,550,1100,1650,]
r_num
[2.5321036295630196e-08,2.4837881064847706e-08,2.5419136499131477e-08,2.648989136150618e-08,]
[1,4,7,10,]
cpu_count
[2.551698630527889e-08,]
[12,]
proc_count
[1.1831341487343751e-08,2.3239856405104166e-08,2.6561297757222223e-08,2.7718482785234375e-08,2.7568567669437503e-08,2.72324093903559e-08,2.702306975612351e-08,2.6840427685572918e-08,2.6810768895381945e-08,2.686214991171875e-08,2.7099655481605117e-08,2.741580843824653e-08,]
[1,2,3,4,5,6,7,8,9,10,11,12,]
