g_by_proc
[1.1655668418009431e-08,]
[10,]
p_of_write
[4.453656998584776e-09,1.2982003454553684e-08,1.4274340144638585e-08,1.491267307426068e-08,]
[1e-05,0.00034,0.00067,0.001,]
p_of_cpu_info
[1.1655668418009431e-08,]
[0.001,]
w_num
[1.1424813264700507e-08,1.1592873877367698e-08,1.1741330864063077e-08,1.1863655665906446e-08,]
[1,550,1100,1650,]
r_num
[1.1368459648888866e-08,1.1168861326208926e-08,1.1442568687187335e-08,1.2642784009752603e-08,]
[1,4,7,10,]
cpu_count
[1.1655668418009431e-08,]
[12,]
proc_count
[1.2528535855937498e-08,1.3410083123229166e-08,1.192591934217014e-08,1.1394633921510416e-08,1.12682648533125e-08,1.1247571116458333e-08,1.1285348265223214e-08,1.133087044454427e-08,1.1316119666018517e-08,1.1291246538437499e-08,1.1404963094332385e-08,1.1464464794939236e-08,]
[1,2,3,4,5,6,7,8,9,10,11,12,]
