g_by_proc
[2.14002591519029e-08,]
[10,]
p_of_write
[2.14002591519029e-08,]
[1e-06,]
p_of_cpu_info
[2.14002591519029e-08,]
[0,]
w_num
[2.14002591519029e-08,]
[1,]
r_num
[2.14002591519029e-08,]
[1,]
cpu_count
[2.14002591519029e-08,]
[12,]
proc_count
[1.1139323195666666e-08,2.1238062450166666e-08,2.385066990811111e-08,2.45052080965e-08,2.4735576857e-08,2.517470703811111e-08,2.3868483810238095e-08,2.2766999742708334e-08,2.1262412578e-08,2.0022788952966668e-08,1.934510729039394e-08,1.889376990297222e-08,]
[1,2,3,4,5,6,7,8,9,10,11,12,]
