g_by_proc
[3.506415108257696e-09,]
[10,]
p_of_write
[3.506415108257696e-09,]
[1e-06,]
p_of_cpu_info
[3.506415108257696e-09,]
[0.001,]
w_num
[3.506415108257696e-09,]
[1,]
r_num
[3.506415108257696e-09,]
[1,]
cpu_count
[3.506415108257696e-09,]
[12,]
proc_count
[1.1863448186666668e-08,6.023076449333334e-09,4.065779207222223e-09,3.1461163615e-09,2.6671386645333333e-09,2.362566293777778e-09,2.224918303142857e-09,2.102456037666667e-09,2.0076352262222223e-09,1.9300348679666666e-09,1.864077297727273e-09,1.8197344033333334e-09,]
[1,2,3,4,5,6,7,8,9,10,11,12,]
