10,100000000,1e-06,0,1,1,12,1,0,0,1.114739796
10,200000000,1e-06,0,1,1,12,2,0,0,4.171902248
10,300000000,1e-06,0,1,1,12,3,0,0,7.195523311
10,400000000,1e-06,0,1,1,12,4,0,0,9.685710048
10,500000000,1e-06,0,1,1,12,5,0,0,12.279542984
10,600000000,1e-06,0,1,1,12,6,0,0,15.355376528
10,700000000,1e-06,0,1,1,12,7,0,0,16.796737914
10,800000000,1e-06,0,1,1,12,8,0,0,18.127693634
10,900000000,1e-06,0,1,1,12,9,0,0,19.157610321
10,1000000000,1e-06,0,1,1,12,10,0,0,20.038269562
10,1100000000,1e-06,0,1,1,12,11,0,0,21.26301622
10,1200000000,1e-06,0,1,1,12,12,0,0,22.666011674
10,100000000,1e-06,0,1,1,12,1,0,0,1.112735282
10,200000000,1e-06,0,1,1,12,2,0,0,4.313203661
10,300000000,1e-06,0,1,1,12,3,0,0,7.304639378
10,400000000,1e-06,0,1,1,12,4,0,0,9.747269764
10,500000000,1e-06,0,1,1,12,5,0,0,12.415027697
10,600000000,1e-06,0,1,1,12,6,0,0,14.958980798
10,700000000,1e-06,0,1,1,12,7,0,0,16.42150808
10,800000000,1e-06,0,1,1,12,8,0,0,18.057985162
10,900000000,1e-06,0,1,1,12,9,0,0,19.181646839
10,1000000000,1e-06,0,1,1,12,10,0,0,19.893612959
10,1100000000,1e-06,0,1,1,12,11,0,0,21.285564753
10,1200000000,1e-06,0,1,1,12,12,0,0,22.685402696
10,100000000,1e-06,0,1,1,12,1,0,0,1.114135103
10,200000000,1e-06,0,1,1,12,2,0,0,4.336354415
10,300000000,1e-06,0,1,1,12,3,0,0,6.748764377
10,400000000,1e-06,0,1,1,12,4,0,0,9.8728757
10,500000000,1e-06,0,1,1,12,5,0,0,12.301493505
10,600000000,1e-06,0,1,1,12,6,0,0,15.299653415
10,700000000,1e-06,0,1,1,12,7,0,0,16.479378036
10,800000000,1e-06,0,1,1,12,8,0,0,18.203083958
10,900000000,1e-06,0,1,1,12,9,0,0,19.019704213
10,1000000000,1e-06,0,1,1,12,10,0,0,19.949145326
10,1100000000,1e-06,0,1,1,12,11,0,0,21.277847685
10,1200000000,1e-06,0,1,1,12,12,0,0,22.662155644
10,100000000,1e-06,0,1,1,12,1,0,0,1.114222264
10,200000000,1e-06,0,1,1,12,2,0,0,4.226007488
10,300000000,1e-06,0,1,1,12,3,0,0,7.035043377
10,400000000,1e-06,0,1,1,12,4,0,0,9.551424578
10,500000000,1e-06,0,1,1,12,5,0,0,12.581948151
10,600000000,1e-06,0,1,1,12,6,0,0,15.313640455
10,700000000,1e-06,0,1,1,12,7,0,0,16.571250393
10,800000000,1e-06,0,1,1,12,8,0,0,18.018921279
10,900000000,1e-06,0,1,1,12,9,0,0,18.983874834
10,1000000000,1e-06,0,1,1,12,10,0,0,20.139762513
10,1100000000,1e-06,0,1,1,12,11,0,0,21.262615783
10,1200000000,1e-06,0,1,1,12,12,0,0,22.665008094
10,100000000,1e-06,0,1,1,12,1,0,0,1.112285252
10,200000000,1e-06,0,1,1,12,2,0,0,4.3542872
10,300000000,1e-06,0,1,1,12,3,0,0,6.934366751
10,400000000,1e-06,0,1,1,12,4,0,0,9.871326716
10,500000000,1e-06,0,1,1,12,5,0,0,12.785443243
10,600000000,1e-06,0,1,1,12,6,0,0,14.829693179
10,700000000,1e-06,0,1,1,12,7,0,0,16.868356011
10,800000000,1e-06,0,1,1,12,8,0,0,18.029398155
10,900000000,1e-06,0,1,1,12,9,0,0,19.154045753
10,1000000000,1e-06,0,1,1,12,10,0,0,19.936232965
10,1100000000,1e-06,0,1,1,12,11,0,0,21.267004832
10,1200000000,1e-06,0,1,1,12,12,0,0,22.669507402
10,100000000,1e-06,0,1,1,12,1,0,0,1.113362857
10,200000000,1e-06,0,1,1,12,2,0,0,4.346339114
10,300000000,1e-06,0,1,1,12,3,0,0,7.169722736
10,400000000,1e-06,0,1,1,12,4,0,0,9.821755907
10,500000000,1e-06,0,1,1,12,5,0,0,12.347827149
10,600000000,1e-06,0,1,1,12,6,0,0,15.026102344
10,700000000,1e-06,0,1,1,12,7,0,0,16.722110434
10,800000000,1e-06,0,1,1,12,8,0,0,17.893807028
10,900000000,1e-06,0,1,1,12,9,0,0,19.097526805
10,1000000000,1e-06,0,1,1,12,10,0,0,20.156378324
10,1100000000,1e-06,0,1,1,12,11,0,0,21.270955297
10,1200000000,1e-06,0,1,1,12,12,0,0,22.666922337
10,100000000,1e-06,0,1,1,12,1,0,0,1.110790444
10,200000000,1e-06,0,1,1,12,2,0,0,4.343581781
10,300000000,1e-06,0,1,1,12,3,0,0,6.847686208
10,400000000,1e-06,0,1,1,12,4,0,0,9.856891523
10,500000000,1e-06,0,1,1,12,5,0,0,12.427515036
10,600000000,1e-06,0,1,1,12,6,0,0,15.392941504
10,700000000,1e-06,0,1,1,12,7,0,0,16.711682476
10,800000000,1e-06,0,1,1,12,8,0,0,18.201445316
10,900000000,1e-06,0,1,1,12,9,0,0,19.084107645
10,1000000000,1e-06,0,1,1,12,10,0,0,20.234576265
10,1100000000,1e-06,0,1,1,12,11,0,0,21.260317972
10,1200000000,1e-06,0,1,1,12,12,0,0,22.66502479
10,100000000,1e-06,0,1,1,12,1,0,0,1.112853867
10,200000000,1e-06,0,1,1,12,2,0,0,4.359838044
10,300000000,1e-06,0,1,1,12,3,0,0,7.241564883
10,400000000,1e-06,0,1,1,12,4,0,0,9.802320134
10,500000000,1e-06,0,1,1,12,5,0,0,12.206836183
10,600000000,1e-06,0,1,1,12,6,0,0,15.431444316
10,700000000,1e-06,0,1,1,12,7,0,0,16.835538864
10,800000000,1e-06,0,1,1,12,8,0,0,18.133684051
10,900000000,1e-06,0,1,1,12,9,0,0,19.238375384
10,1000000000,1e-06,0,1,1,12,10,0,0,19.978354957
10,1100000000,1e-06,0,1,1,12,11,0,0,21.276988051
10,1200000000,1e-06,0,1,1,12,12,0,0,22.772053216
10,100000000,1e-06,0,1,1,12,1,0,0,1.111697816
10,200000000,1e-06,0,1,1,12,2,0,0,4.063293201
10,300000000,1e-06,0,1,1,12,3,0,0,7.165376261
10,400000000,1e-06,0,1,1,12,4,0,0,10.090823415
10,500000000,1e-06,0,1,1,12,5,0,0,12.532225747
10,600000000,1e-06,0,1,1,12,6,0,0,14.96347908
10,700000000,1e-06,0,1,1,12,7,0,0,16.672555903
10,800000000,1e-06,0,1,1,12,8,0,0,18.230478425
10,900000000,1e-06,0,1,1,12,9,0,0,19.206364239
10,1000000000,1e-06,0,1,1,12,10,0,0,20.024581843
10,1100000000,1e-06,0,1,1,12,11,0,0,21.279359681
10,1200000000,1e-06,0,1,1,12,12,0,0,22.731423975
10,100000000,1e-06,0,1,1,12,1,0,0,1.113564196
10,200000000,1e-06,0,1,1,12,2,0,0,4.350822872
10,300000000,1e-06,0,1,1,12,3,0,0,7.307433005
10,400000000,1e-06,0,1,1,12,4,0,0,9.699660538
10,500000000,1e-06,0,1,1,12,5,0,0,12.405443412
10,600000000,1e-06,0,1,1,12,6,0,0,14.604308263
10,700000000,1e-06,0,1,1,12,7,0,0,16.381578558
10,800000000,1e-06,0,1,1,12,8,0,0,18.182047316
10,900000000,1e-06,0,1,1,12,9,0,0,19.109130336
10,1000000000,1e-06,0,1,1,12,10,0,0,19.991745247
10,1100000000,1e-06,0,1,1,12,11,0,0,21.276759022
10,1200000000,1e-06,0,1,1,12,12,0,0,22.656035342
10,100000000,1e-06,0,1,1,12,1,0,0,1.112789792
10,200000000,1e-06,0,1,1,12,2,0,0,4.277010195
10,300000000,1e-06,0,1,1,12,3,0,0,7.22968499
10,400000000,1e-06,0,1,1,12,4,0,0,9.611461848
10,500000000,1e-06,0,1,1,12,5,0,0,12.174899272
10,600000000,1e-06,0,1,1,12,6,0,0,15.189726689
10,700000000,1e-06,0,1,1,12,7,0,0,16.820605693
10,800000000,1e-06,0,1,1,12,8,0,0,18.102759588
10,900000000,1e-06,0,1,1,12,9,0,0,19.022568906
10,1000000000,1e-06,0,1,1,12,10,0,0,20.068899586
10,1100000000,1e-06,0,1,1,12,11,0,0,21.262657103
10,1200000000,1e-06,0,1,1,12,12,0,0,22.662155043
10,100000000,1e-06,0,1,1,12,1,0,0,1.113133497
10,200000000,1e-06,0,1,1,12,2,0,0,4.321948105
10,300000000,1e-06,0,1,1,12,3,0,0,7.12422214
10,400000000,1e-06,0,1,1,12,4,0,0,9.898040622
10,500000000,1e-06,0,1,1,12,5,0,0,12.475853666
10,600000000,1e-06,0,1,1,12,6,0,0,15.025380568
10,700000000,1e-06,0,1,1,12,7,0,0,16.704795029
10,800000000,1e-06,0,1,1,12,8,0,0,18.338364092
10,900000000,1e-06,0,1,1,12,9,0,0,19.186204069
10,1000000000,1e-06,0,1,1,12,10,0,0,20.026455398
10,1100000000,1e-06,0,1,1,12,11,0,0,21.278801592
10,1200000000,1e-06,0,1,1,12,12,0,0,22.655891382
10,100000000,1e-06,0,1,1,12,1,0,0,1.112910141
10,200000000,1e-06,0,1,1,12,2,0,0,4.35345617
10,300000000,1e-06,0,1,1,12,3,0,0,7.428222522
10,400000000,1e-06,0,1,1,12,4,0,0,9.632606256999999
10,500000000,1e-06,0,1,1,12,5,0,0,12.230375369
10,600000000,1e-06,0,1,1,12,6,0,0,15.028213212
10,700000000,1e-06,0,1,1,12,7,0,0,16.832842291
10,800000000,1e-06,0,1,1,12,8,0,0,18.074820547
10,900000000,1e-06,0,1,1,12,9,0,0,19.110971027
10,1000000000,1e-06,0,1,1,12,10,0,0,20.081785368
10,1100000000,1e-06,0,1,1,12,11,0,0,21.288881531
10,1200000000,1e-06,0,1,1,12,12,0,0,22.670709377
10,100000000,1e-06,0,1,1,12,1,0,0,1.112210874
10,200000000,1e-06,0,1,1,12,2,0,0,4.304995296
10,300000000,1e-06,0,1,1,12,3,0,0,7.000954392
10,400000000,1e-06,0,1,1,12,4,0,0,10.144949483
10,500000000,1e-06,0,1,1,12,5,0,0,12.563574988
10,600000000,1e-06,0,1,1,12,6,0,0,15.022731127
10,700000000,1e-06,0,1,1,12,7,0,0,16.584959743
10,800000000,1e-06,0,1,1,12,8,0,0,18.251703275
10,900000000,1e-06,0,1,1,12,9,0,0,19.216977785
10,1000000000,1e-06,0,1,1,12,10,0,0,19.984592183
10,1100000000,1e-06,0,1,1,12,11,0,0,21.29209032
10,1200000000,1e-06,0,1,1,12,12,0,0,22.657126743
10,100000000,1e-06,0,1,1,12,1,0,0,1.111776464
10,200000000,1e-06,0,1,1,12,2,0,0,4.130152579
10,300000000,1e-06,0,1,1,12,3,0,0,7.268792324
10,400000000,1e-06,0,1,1,12,4,0,0,9.717283652999999
10,500000000,1e-06,0,1,1,12,5,0,0,12.235139789
10,600000000,1e-06,0,1,1,12,6,0,0,15.364528646
10,700000000,1e-06,0,1,1,12,7,0,0,16.591877502
10,800000000,1e-06,0,1,1,12,8,0,0,18.22523583
10,900000000,1e-06,0,1,1,12,9,0,0,19.158307783
10,1000000000,1e-06,0,1,1,12,10,0,0,19.992900374
10,1100000000,1e-06,0,1,1,12,11,0,0,21.290902894
10,1200000000,1e-06,0,1,1,12,12,0,0,22.682286847
10,100000000,1e-06,0,1,1,12,1,0,0,1.110849419
10,200000000,1e-06,0,1,1,12,2,0,0,4.300515137
10,300000000,1e-06,0,1,1,12,3,0,0,6.925467599
10,400000000,1e-06,0,1,1,12,4,0,0,10.058366864
10,500000000,1e-06,0,1,1,12,5,0,0,12.598293619
10,600000000,1e-06,0,1,1,12,6,0,0,14.965698163
10,700000000,1e-06,0,1,1,12,7,0,0,16.781004107
10,800000000,1e-06,0,1,1,12,8,0,0,18.139034696
10,900000000,1e-06,0,1,1,12,9,0,0,19.102482358
10,1000000000,1e-06,0,1,1,12,10,0,0,19.959818035
10,1100000000,1e-06,0,1,1,12,11,0,0,21.280517542
10,1200000000,1e-06,0,1,1,12,12,0,0,22.649138277
10,100000000,1e-06,0,1,1,12,1,0,0,1.117629145
10,200000000,1e-06,0,1,1,12,2,0,0,4.206238944
10,300000000,1e-06,0,1,1,12,3,0,0,7.231467018
10,400000000,1e-06,0,1,1,12,4,0,0,9.941076061
10,500000000,1e-06,0,1,1,12,5,0,0,12.316254287
10,600000000,1e-06,0,1,1,12,6,0,0,15.040296613
10,700000000,1e-06,0,1,1,12,7,0,0,16.878123219
10,800000000,1e-06,0,1,1,12,8,0,0,18.28366805
10,900000000,1e-06,0,1,1,12,9,0,0,19.068545169
10,1000000000,1e-06,0,1,1,12,10,0,0,19.999485616
10,1100000000,1e-06,0,1,1,12,11,0,0,21.278087174
10,1200000000,1e-06,0,1,1,12,12,0,0,22.66729392
10,100000000,1e-06,0,1,1,12,1,0,0,1.116695264
10,200000000,1e-06,0,1,1,12,2,0,0,4.326030759
10,300000000,1e-06,0,1,1,12,3,0,0,7.166705143
10,400000000,1e-06,0,1,1,12,4,0,0,9.439924654
10,500000000,1e-06,0,1,1,12,5,0,0,11.946157631
10,600000000,1e-06,0,1,1,12,6,0,0,15.043549679
10,700000000,1e-06,0,1,1,12,7,0,0,16.734664451
10,800000000,1e-06,0,1,1,12,8,0,0,18.298398618
10,900000000,1e-06,0,1,1,12,9,0,0,19.199398964
10,1000000000,1e-06,0,1,1,12,10,0,0,19.977244832
10,1100000000,1e-06,0,1,1,12,11,0,0,21.279731479
10,1200000000,1e-06,0,1,1,12,12,0,0,22.654774033
10,100000000,1e-06,0,1,1,12,1,0,0,1.115242251
10,200000000,1e-06,0,1,1,12,2,0,0,4.334510656
10,300000000,1e-06,0,1,1,12,3,0,0,7.106885745
10,400000000,1e-06,0,1,1,12,4,0,0,9.924647094000001
10,500000000,1e-06,0,1,1,12,5,0,0,12.430534717
10,600000000,1e-06,0,1,1,12,6,0,0,14.75595884
10,700000000,1e-06,0,1,1,12,7,0,0,16.677483131
10,800000000,1e-06,0,1,1,12,8,0,0,18.251948322
10,900000000,1e-06,0,1,1,12,9,0,0,19.216073752
10,1000000000,1e-06,0,1,1,12,10,0,0,20.051094728
10,1100000000,1e-06,0,1,1,12,11,0,0,21.278000469
10,1200000000,1e-06,0,1,1,12,12,0,0,22.655794627
10,100000000,1e-06,0,1,1,12,1,0,0,1.113034331
10,200000000,1e-06,0,1,1,12,2,0,0,4.052724899
10,300000000,1e-06,0,1,1,12,3,0,0,7.20766228
10,400000000,1e-06,0,1,1,12,4,0,0,9.780375885
10,500000000,1e-06,0,1,1,12,5,0,0,12.766041881
10,600000000,1e-06,0,1,1,12,6,0,0,15.253793363
10,700000000,1e-06,0,1,1,12,7,0,0,16.764276226
10,800000000,1e-06,0,1,1,12,8,0,0,18.380264262
10,900000000,1e-06,0,1,1,12,9,0,0,19.059479299
10,1000000000,1e-06,0,1,1,12,10,0,0,20.123552487
10,1100000000,1e-06,0,1,1,12,11,0,0,21.265520393
10,1200000000,1e-06,0,1,1,12,12,0,0,22.6654597
10,100000000,1e-06,0,1,1,12,1,0,0,1.114496867
10,200000000,1e-06,0,1,1,12,2,0,0,4.374527957
10,300000000,1e-06,0,1,1,12,3,0,0,6.95564272
10,400000000,1e-06,0,1,1,12,4,0,0,9.659663469
10,500000000,1e-06,0,1,1,12,5,0,0,12.032081092
10,600000000,1e-06,0,1,1,12,6,0,0,15.375810432
10,700000000,1e-06,0,1,1,12,7,0,0,16.661081221
10,800000000,1e-06,0,1,1,12,8,0,0,18.293227171
10,900000000,1e-06,0,1,1,12,9,0,0,19.318204694
10,1000000000,1e-06,0,1,1,12,10,0,0,19.955845504
10,1100000000,1e-06,0,1,1,12,11,0,0,21.283580669
10,1200000000,1e-06,0,1,1,12,12,0,0,22.656394457
10,100000000,1e-06,0,1,1,12,1,0,0,1.113130687
10,200000000,1e-06,0,1,1,12,2,0,0,4.255158934
10,300000000,1e-06,0,1,1,12,3,0,0,7.277655099
10,400000000,1e-06,0,1,1,12,4,0,0,9.719168369
10,500000000,1e-06,0,1,1,12,5,0,0,12.55336012
10,600000000,1e-06,0,1,1,12,6,0,0,15.129700552
10,700000000,1e-06,0,1,1,12,7,0,0,16.995168783
10,800000000,1e-06,0,1,1,12,8,0,0,18.353403685
10,900000000,1e-06,0,1,1,12,9,0,0,19.295209886
10,1000000000,1e-06,0,1,1,12,10,0,0,19.959600701
10,1100000000,1e-06,0,1,1,12,11,0,0,21.288297825
10,1200000000,1e-06,0,1,1,12,12,0,0,22.679249371
10,100000000,1e-06,0,1,1,12,1,0,0,1.120907285
10,200000000,1e-06,0,1,1,12,2,0,0,4.03583047
10,300000000,1e-06,0,1,1,12,3,0,0,7.287991941
10,400000000,1e-06,0,1,1,12,4,0,0,9.967104112
10,500000000,1e-06,0,1,1,12,5,0,0,12.482477338
10,600000000,1e-06,0,1,1,12,6,0,0,14.661688181
10,700000000,1e-06,0,1,1,12,7,0,0,16.523340398
10,800000000,1e-06,0,1,1,12,8,0,0,18.436850667
10,900000000,1e-06,0,1,1,12,9,0,0,19.151943982
10,1000000000,1e-06,0,1,1,12,10,0,0,19.986828054
10,1100000000,1e-06,0,1,1,12,11,0,0,21.325731081
10,1200000000,1e-06,0,1,1,12,12,0,0,22.681039857000002
10,100000000,1e-06,0,1,1,12,1,0,0,1.115530842
10,200000000,1e-06,0,1,1,12,2,0,0,4.093863271
10,300000000,1e-06,0,1,1,12,3,0,0,7.291244518
10,400000000,1e-06,0,1,1,12,4,0,0,9.81991482
10,500000000,1e-06,0,1,1,12,5,0,0,11.995528258
10,600000000,1e-06,0,1,1,12,6,0,0,14.943661545
10,700000000,1e-06,0,1,1,12,7,0,0,16.762995033
10,800000000,1e-06,0,1,1,12,8,0,0,18.521618141
10,900000000,1e-06,0,1,1,12,9,0,0,19.056558066
10,1000000000,1e-06,0,1,1,12,10,0,0,19.956664214
10,1100000000,1e-06,0,1,1,12,11,0,0,21.284984861
10,1200000000,1e-06,0,1,1,12,12,0,0,22.665624034
10,100000000,1e-06,0,1,1,12,1,0,0,1.112866524
10,200000000,1e-06,0,1,1,12,2,0,0,4.230444597
10,300000000,1e-06,0,1,1,12,3,0,0,7.31126531
10,400000000,1e-06,0,1,1,12,4,0,0,9.979344976
10,500000000,1e-06,0,1,1,12,5,0,0,12.474424434
10,600000000,1e-06,0,1,1,12,6,0,0,15.120167903
10,700000000,1e-06,0,1,1,12,7,0,0,16.622406347
10,800000000,1e-06,0,1,1,12,8,0,0,18.074220244
10,900000000,1e-06,0,1,1,12,9,0,0,19.064877157
10,1000000000,1e-06,0,1,1,12,10,0,0,20.107350677
10,1100000000,1e-06,0,1,1,12,11,0,0,21.276280058
10,1200000000,1e-06,0,1,1,12,12,0,0,22.654923744
10,100000000,1e-06,0,1,1,12,1,0,0,1.114001846
10,200000000,1e-06,0,1,1,12,2,0,0,4.202508759
10,300000000,1e-06,0,1,1,12,3,0,0,7.268169919
10,400000000,1e-06,0,1,1,12,4,0,0,9.397392528
10,500000000,1e-06,0,1,1,12,5,0,0,12.503676694
10,600000000,1e-06,0,1,1,12,6,0,0,15.169105694
10,700000000,1e-06,0,1,1,12,7,0,0,16.82255778
10,800000000,1e-06,0,1,1,12,8,0,0,18.115348873
10,900000000,1e-06,0,1,1,12,9,0,0,19.309407247
10,1000000000,1e-06,0,1,1,12,10,0,0,20.044420451
10,1100000000,1e-06,0,1,1,12,11,0,0,21.30270656
10,1200000000,1e-06,0,1,1,12,12,0,0,22.676412107
10,100000000,1e-06,0,1,1,12,1,0,0,1.113966098
10,200000000,1e-06,0,1,1,12,2,0,0,4.160100689
10,300000000,1e-06,0,1,1,12,3,0,0,7.230123458
10,400000000,1e-06,0,1,1,12,4,0,0,10.092496602
10,500000000,1e-06,0,1,1,12,5,0,0,12.571616693
10,600000000,1e-06,0,1,1,12,6,0,0,15.149853409
10,700000000,1e-06,0,1,1,12,7,0,0,16.805152807
10,800000000,1e-06,0,1,1,12,8,0,0,18.28069802
10,900000000,1e-06,0,1,1,12,9,0,0,18.942358642
10,1000000000,1e-06,0,1,1,12,10,0,0,20.17528379
10,1100000000,1e-06,0,1,1,12,11,0,0,21.273234039
10,1200000000,1e-06,0,1,1,12,12,0,0,22.66714327
10,100000000,1e-06,0,1,1,12,1,0,0,1.117512984
10,200000000,1e-06,0,1,1,12,2,0,0,4.162020915
10,300000000,1e-06,0,1,1,12,3,0,0,7.181446489
10,400000000,1e-06,0,1,1,12,4,0,0,9.612715818
10,500000000,1e-06,0,1,1,12,5,0,0,12.528525211
10,600000000,1e-06,0,1,1,12,6,0,0,15.567730334
10,700000000,1e-06,0,1,1,12,7,0,0,16.612406271
10,800000000,1e-06,0,1,1,12,8,0,0,18.16041681
10,900000000,1e-06,0,1,1,12,9,0,0,19.116620595
10,1000000000,1e-06,0,1,1,12,10,0,0,19.941579011
10,1100000000,1e-06,0,1,1,12,11,0,0,21.270914285
10,1200000000,1e-06,0,1,1,12,12,0,0,22.690050677
10,100000000,1e-06,0,1,1,12,1,0,0,1.115922838
10,200000000,1e-06,0,1,1,12,2,0,0,4.172974023
10,300000000,1e-06,0,1,1,12,3,0,0,6.96027971
10,400000000,1e-06,0,1,1,12,4,0,0,9.876428683
10,500000000,1e-06,0,1,1,12,5,0,0,11.912715353
10,600000000,1e-06,0,1,1,12,6,0,0,15.163760407
10,700000000,1e-06,0,1,1,12,7,0,0,16.551412912
10,800000000,1e-06,0,1,1,12,8,0,0,18.438991348
10,900000000,1e-06,0,1,1,12,9,0,0,19.090230224
10,1000000000,1e-06,0,1,1,12,10,0,0,19.948778971
10,1100000000,1e-06,0,1,1,12,11,0,0,21.280941881
10,1200000000,1e-06,0,1,1,12,12,0,0,22.686116904
10,100000000,1e-06,0,1,1,12,1,0,0,1.112975561
10,200000000,1e-06,0,1,1,12,2,0,0,4.267732322
10,300000000,1e-06,0,1,1,12,3,0,0,7.252025569
10,400000000,1e-06,0,1,1,12,4,0,0,9.789477037
10,500000000,1e-06,0,1,1,12,5,0,0,11.958819336
10,600000000,1e-06,0,1,1,12,6,0,0,14.997751447
10,700000000,1e-06,0,1,1,12,7,0,0,17.050310402
10,800000000,1e-06,0,1,1,12,8,0,0,18.308477262
10,900000000,1e-06,0,1,1,12,9,0,0,19.166333632
10,1000000000,1e-06,0,1,1,12,10,0,0,19.998828648
10,1100000000,1e-06,0,1,1,12,11,0,0,21.286249531
10,1200000000,1e-06,0,1,1,12,12,0,0,22.658586967
10,100000000,1e-06,0.001,1,1,12,1,1,12,1.186868285
10,200000000,1e-06,0.001,1,1,12,2,1,12,1.199244563
10,300000000,1e-06,0.001,1,1,12,3,1,12,1.218592203
10,400000000,1e-06,0.001,1,1,12,4,1,12,1.248707037
10,500000000,1e-06,0.001,1,1,12,5,1,12,1.257011472
10,600000000,1e-06,0.001,1,1,12,6,1,12,1.430145331
10,700000000,1e-06,0.001,1,1,12,7,1,12,1.561728064
10,800000000,1e-06,0.001,1,1,12,8,1,12,1.690369462
10,900000000,1e-06,0.001,1,1,12,9,1,12,1.8162194010000001
10,1000000000,1e-06,0.001,1,1,12,10,1,12,1.918308824
10,1100000000,1e-06,0.001,1,1,12,11,1,12,2.061852852
10,1200000000,1e-06,0.001,1,1,12,12,1,12,2.184987352
10,100000000,1e-06,0.001,1,1,12,1,1,12,1.186959368
10,200000000,1e-06,0.001,1,1,12,2,1,12,1.197964874
10,300000000,1e-06,0.001,1,1,12,3,1,12,1.212577796
10,400000000,1e-06,0.001,1,1,12,4,1,12,1.267203656
10,500000000,1e-06,0.001,1,1,12,5,1,12,1.336664244
10,600000000,1e-06,0.001,1,1,12,6,1,12,1.423079203
10,700000000,1e-06,0.001,1,1,12,7,1,12,1.545583564
10,800000000,1e-06,0.001,1,1,12,8,1,12,1.66971875
10,900000000,1e-06,0.001,1,1,12,9,1,12,1.817332076
10,1000000000,1e-06,0.001,1,1,12,10,1,12,1.916114507
10,1100000000,1e-06,0.001,1,1,12,11,1,12,2.046766513
10,1200000000,1e-06,0.001,1,1,12,12,1,12,2.181166862
10,100000000,1e-06,0.001,1,1,12,1,1,12,1.186876839
10,200000000,1e-06,0.001,1,1,12,2,1,12,1.214437669
10,300000000,1e-06,0.001,1,1,12,3,1,12,1.219148369
10,400000000,1e-06,0.001,1,1,12,4,1,12,1.248448
10,500000000,1e-06,0.001,1,1,12,5,1,12,1.346830081
10,600000000,1e-06,0.001,1,1,12,6,1,12,1.415535406
10,700000000,1e-06,0.001,1,1,12,7,1,12,1.542605074
10,800000000,1e-06,0.001,1,1,12,8,1,12,1.6857998269999999
10,900000000,1e-06,0.001,1,1,12,9,1,12,1.815991715
10,1000000000,1e-06,0.001,1,1,12,10,1,12,1.93362094
10,1100000000,1e-06,0.001,1,1,12,11,1,12,2.048602962
10,1200000000,1e-06,0.001,1,1,12,12,1,12,2.183798758
10,100000000,1e-06,0.001,1,1,12,1,1,12,1.188445322
10,200000000,1e-06,0.001,1,1,12,2,1,12,1.202217866
10,300000000,1e-06,0.001,1,1,12,3,1,12,1.22166657
10,400000000,1e-06,0.001,1,1,12,4,1,12,1.254627074
10,500000000,1e-06,0.001,1,1,12,5,1,12,1.325594927
10,600000000,1e-06,0.001,1,1,12,6,1,12,1.427480527
10,700000000,1e-06,0.001,1,1,12,7,1,12,1.643426667
10,800000000,1e-06,0.001,1,1,12,8,1,12,1.744190237
10,900000000,1e-06,0.001,1,1,12,9,1,12,1.7974053429999999
10,1000000000,1e-06,0.001,1,1,12,10,1,12,1.941558133
10,1100000000,1e-06,0.001,1,1,12,11,1,12,2.045866426
10,1200000000,1e-06,0.001,1,1,12,12,1,12,2.193694914
10,100000000,1e-06,0.001,1,1,12,1,1,12,1.1838809590000001
10,200000000,1e-06,0.001,1,1,12,2,1,12,1.199050938
10,300000000,1e-06,0.001,1,1,12,3,1,12,1.206813238
10,400000000,1e-06,0.001,1,1,12,4,1,12,1.258899034
10,500000000,1e-06,0.001,1,1,12,5,1,12,1.321625483
10,600000000,1e-06,0.001,1,1,12,6,1,12,1.410703289
10,700000000,1e-06,0.001,1,1,12,7,1,12,1.557444235
10,800000000,1e-06,0.001,1,1,12,8,1,12,1.6748031490000002
10,900000000,1e-06,0.001,1,1,12,9,1,12,1.794762493
10,1000000000,1e-06,0.001,1,1,12,10,1,12,1.930014813
10,1100000000,1e-06,0.001,1,1,12,11,1,12,2.050415982
10,1200000000,1e-06,0.001,1,1,12,12,1,12,2.19069703
10,100000000,1e-06,0.001,1,1,12,1,1,12,1.190748603
10,200000000,1e-06,0.001,1,1,12,2,1,12,1.196093486
10,300000000,1e-06,0.001,1,1,12,3,1,12,1.208387419
10,400000000,1e-06,0.001,1,1,12,4,1,12,1.254172788
10,500000000,1e-06,0.001,1,1,12,5,1,12,1.330081794
10,600000000,1e-06,0.001,1,1,12,6,1,12,1.4212852200000001
10,700000000,1e-06,0.001,1,1,12,7,1,12,1.546718799
10,800000000,1e-06,0.001,1,1,12,8,1,12,1.680940186
10,900000000,1e-06,0.001,1,1,12,9,1,12,1.8089569760000002
10,1000000000,1e-06,0.001,1,1,12,10,1,12,1.935561936
10,1100000000,1e-06,0.001,1,1,12,11,1,12,2.059350335
10,1200000000,1e-06,0.001,1,1,12,12,1,12,2.193095642
10,100000000,1e-06,0.001,1,1,12,1,1,12,1.189423168
10,200000000,1e-06,0.001,1,1,12,2,1,12,1.197033278
10,300000000,1e-06,0.001,1,1,12,3,1,12,1.230868236
10,400000000,1e-06,0.001,1,1,12,4,1,12,1.244097266
10,500000000,1e-06,0.001,1,1,12,5,1,12,1.3227936759999999
10,600000000,1e-06,0.001,1,1,12,6,1,12,1.404262877
10,700000000,1e-06,0.001,1,1,12,7,1,12,1.542676562
10,800000000,1e-06,0.001,1,1,12,8,1,12,1.68380614
10,900000000,1e-06,0.001,1,1,12,9,1,12,1.829016481
10,1000000000,1e-06,0.001,1,1,12,10,1,12,1.92223326
10,1100000000,1e-06,0.001,1,1,12,11,1,12,2.049898837
10,1200000000,1e-06,0.001,1,1,12,12,1,12,2.172666824
10,100000000,1e-06,0.001,1,1,12,1,1,12,1.183850931
10,200000000,1e-06,0.001,1,1,12,2,1,12,1.196812946
10,300000000,1e-06,0.001,1,1,12,3,1,12,1.211703669
10,400000000,1e-06,0.001,1,1,12,4,1,12,1.254423646
10,500000000,1e-06,0.001,1,1,12,5,1,12,1.344539811
10,600000000,1e-06,0.001,1,1,12,6,1,12,1.409632854
10,700000000,1e-06,0.001,1,1,12,7,1,12,1.549445414
10,800000000,1e-06,0.001,1,1,12,8,1,12,1.6684250280000001
10,900000000,1e-06,0.001,1,1,12,9,1,12,1.7983891060000001
10,1000000000,1e-06,0.001,1,1,12,10,1,12,1.950511686
10,1100000000,1e-06,0.001,1,1,12,11,1,12,2.04026766
10,1200000000,1e-06,0.001,1,1,12,12,1,12,2.169000061
10,100000000,1e-06,0.001,1,1,12,1,1,12,1.187055188
10,200000000,1e-06,0.001,1,1,12,2,1,12,1.213520352
10,300000000,1e-06,0.001,1,1,12,3,1,12,1.245657891
10,400000000,1e-06,0.001,1,1,12,4,1,12,1.25652436
10,500000000,1e-06,0.001,1,1,12,5,1,12,1.334642341
10,600000000,1e-06,0.001,1,1,12,6,1,12,1.425664399
10,700000000,1e-06,0.001,1,1,12,7,1,12,1.551541939
10,800000000,1e-06,0.001,1,1,12,8,1,12,1.6783326710000002
10,900000000,1e-06,0.001,1,1,12,9,1,12,1.798348998
10,1000000000,1e-06,0.001,1,1,12,10,1,12,1.93148747
10,1100000000,1e-06,0.001,1,1,12,11,1,12,2.042698217
10,1200000000,1e-06,0.001,1,1,12,12,1,12,2.179158646
10,100000000,1e-06,0.001,1,1,12,1,1,12,1.184576712
10,200000000,1e-06,0.001,1,1,12,2,1,12,1.200683575
10,300000000,1e-06,0.001,1,1,12,3,1,12,1.214256959
10,400000000,1e-06,0.001,1,1,12,4,1,12,1.2494156140000001
10,500000000,1e-06,0.001,1,1,12,5,1,12,1.340005077
10,600000000,1e-06,0.001,1,1,12,6,1,12,1.405434728
10,700000000,1e-06,0.001,1,1,12,7,1,12,1.540783295
10,800000000,1e-06,0.001,1,1,12,8,1,12,1.668676265
10,900000000,1e-06,0.001,1,1,12,9,1,12,1.80350754
10,1000000000,1e-06,0.001,1,1,12,10,1,12,1.9197402879999999
10,1100000000,1e-06,0.001,1,1,12,11,1,12,2.060517417
10,1200000000,1e-06,0.001,1,1,12,12,1,12,2.177058252
10,100000000,1e-06,0.001,1,1,12,1,1,12,1.185449539
10,200000000,1e-06,0.001,1,1,12,2,1,12,1.1956800730000001
10,300000000,1e-06,0.001,1,1,12,3,1,12,1.221847722
10,400000000,1e-06,0.001,1,1,12,4,1,12,1.262016749
10,500000000,1e-06,0.001,1,1,12,5,1,12,1.326670599
10,600000000,1e-06,0.001,1,1,12,6,1,12,1.434011712
10,700000000,1e-06,0.001,1,1,12,7,1,12,1.567314869
10,800000000,1e-06,0.001,1,1,12,8,1,12,1.695189691
10,900000000,1e-06,0.001,1,1,12,9,1,12,1.800764999
10,1000000000,1e-06,0.001,1,1,12,10,1,12,1.9325289479999999
10,1100000000,1e-06,0.001,1,1,12,11,1,12,2.05828942
10,1200000000,1e-06,0.001,1,1,12,12,1,12,2.182039153
10,100000000,1e-06,0.001,1,1,12,1,1,12,1.181342257
10,200000000,1e-06,0.001,1,1,12,2,1,12,1.218823031
10,300000000,1e-06,0.001,1,1,12,3,1,12,1.210100589
10,400000000,1e-06,0.001,1,1,12,4,1,12,1.261182427
10,500000000,1e-06,0.001,1,1,12,5,1,12,1.337705207
10,600000000,1e-06,0.001,1,1,12,6,1,12,1.418719694
10,700000000,1e-06,0.001,1,1,12,7,1,12,1.553119736
10,800000000,1e-06,0.001,1,1,12,8,1,12,1.678669277
10,900000000,1e-06,0.001,1,1,12,9,1,12,1.812652146
10,1000000000,1e-06,0.001,1,1,12,10,1,12,1.9461881239999999
10,1100000000,1e-06,0.001,1,1,12,11,1,12,2.054608248
10,1200000000,1e-06,0.001,1,1,12,12,1,12,2.187190369
10,100000000,1e-06,0.001,1,1,12,1,1,12,1.182965155
10,200000000,1e-06,0.001,1,1,12,2,1,12,1.198478621
10,300000000,1e-06,0.001,1,1,12,3,1,12,1.205986272
10,400000000,1e-06,0.001,1,1,12,4,1,12,1.255662099
10,500000000,1e-06,0.001,1,1,12,5,1,12,1.330391078
10,600000000,1e-06,0.001,1,1,12,6,1,12,1.403799256
10,700000000,1e-06,0.001,1,1,12,7,1,12,1.55980571
10,800000000,1e-06,0.001,1,1,12,8,1,12,1.670270567
10,900000000,1e-06,0.001,1,1,12,9,1,12,1.8087573300000002
10,1000000000,1e-06,0.001,1,1,12,10,1,12,1.910711709
10,1100000000,1e-06,0.001,1,1,12,11,1,12,2.051656509
10,1200000000,1e-06,0.001,1,1,12,12,1,12,2.173839107
10,100000000,1e-06,0.001,1,1,12,1,1,12,1.182261577
10,200000000,1e-06,0.001,1,1,12,2,1,12,1.205013564
10,300000000,1e-06,0.001,1,1,12,3,1,12,1.224221272
10,400000000,1e-06,0.001,1,1,12,4,1,12,1.261646595
10,500000000,1e-06,0.001,1,1,12,5,1,12,1.354323808
10,600000000,1e-06,0.001,1,1,12,6,1,12,1.420233807
10,700000000,1e-06,0.001,1,1,12,7,1,12,1.567180868
10,800000000,1e-06,0.001,1,1,12,8,1,12,1.6783358929999999
10,900000000,1e-06,0.001,1,1,12,9,1,12,1.801119653
10,1000000000,1e-06,0.001,1,1,12,10,1,12,1.9322628210000001
10,1100000000,1e-06,0.001,1,1,12,11,1,12,2.044844829
10,1200000000,1e-06,0.001,1,1,12,12,1,12,2.16915567
10,100000000,1e-06,0.001,1,1,12,1,1,12,1.193481052
10,200000000,1e-06,0.001,1,1,12,2,1,12,1.203891495
10,300000000,1e-06,0.001,1,1,12,3,1,12,1.224243099
10,400000000,1e-06,0.001,1,1,12,4,1,12,1.265443619
10,500000000,1e-06,0.001,1,1,12,5,1,12,1.361452974
10,600000000,1e-06,0.001,1,1,12,6,1,12,1.43002228
10,700000000,1e-06,0.001,1,1,12,7,1,12,1.5514925769999999
10,800000000,1e-06,0.001,1,1,12,8,1,12,1.684566547
10,900000000,1e-06,0.001,1,1,12,9,1,12,1.804277014
10,1000000000,1e-06,0.001,1,1,12,10,1,12,1.9404627859999999
10,1100000000,1e-06,0.001,1,1,12,11,1,12,2.048043058
10,1200000000,1e-06,0.001,1,1,12,12,1,12,2.244855408
10,100000000,1e-06,0.001,1,1,12,1,1,12,1.186427947
10,200000000,1e-06,0.001,1,1,12,2,1,12,1.205780496
10,300000000,1e-06,0.001,1,1,12,3,1,12,1.205161519
10,400000000,1e-06,0.001,1,1,12,4,1,12,1.246536132
10,500000000,1e-06,0.001,1,1,12,5,1,12,1.365072112
10,600000000,1e-06,0.001,1,1,12,6,1,12,1.416709516
10,700000000,1e-06,0.001,1,1,12,7,1,12,1.549387919
10,800000000,1e-06,0.001,1,1,12,8,1,12,1.685653181
10,900000000,1e-06,0.001,1,1,12,9,1,12,1.794037691
10,1000000000,1e-06,0.001,1,1,12,10,1,12,1.915245871
10,1100000000,1e-06,0.001,1,1,12,11,1,12,2.0424354239999998
10,1200000000,1e-06,0.001,1,1,12,12,1,12,2.178510025
10,100000000,1e-06,0.001,1,1,12,1,1,12,1.188276424
10,200000000,1e-06,0.001,1,1,12,2,1,12,1.214869671
10,300000000,1e-06,0.001,1,1,12,3,1,12,1.217680378
10,400000000,1e-06,0.001,1,1,12,4,1,12,1.272145767
10,500000000,1e-06,0.001,1,1,12,5,1,12,1.324720156
10,600000000,1e-06,0.001,1,1,12,6,1,12,1.405758934
10,700000000,1e-06,0.001,1,1,12,7,1,12,1.569421172
10,800000000,1e-06,0.001,1,1,12,8,1,12,1.683164637
10,900000000,1e-06,0.001,1,1,12,9,1,12,1.816705857
10,1000000000,1e-06,0.001,1,1,12,10,1,12,1.934698822
10,1100000000,1e-06,0.001,1,1,12,11,1,12,2.067320503
10,1200000000,1e-06,0.001,1,1,12,12,1,12,2.178670384
10,100000000,1e-06,0.001,1,1,12,1,1,12,1.189495631
10,200000000,1e-06,0.001,1,1,12,2,1,12,1.206616547
10,300000000,1e-06,0.001,1,1,12,3,1,12,1.22916207
10,400000000,1e-06,0.001,1,1,12,4,1,12,1.263802773
10,500000000,1e-06,0.001,1,1,12,5,1,12,1.330894947
10,600000000,1e-06,0.001,1,1,12,6,1,12,1.410254916
10,700000000,1e-06,0.001,1,1,12,7,1,12,1.5567871800000002
10,800000000,1e-06,0.001,1,1,12,8,1,12,1.679602018
10,900000000,1e-06,0.001,1,1,12,9,1,12,1.7968983170000001
10,1000000000,1e-06,0.001,1,1,12,10,1,12,1.933799493
10,1100000000,1e-06,0.001,1,1,12,11,1,12,2.061757596
10,1200000000,1e-06,0.001,1,1,12,12,1,12,2.170956709
10,100000000,1e-06,0.001,1,1,12,1,1,12,1.185545832
10,200000000,1e-06,0.001,1,1,12,2,1,12,1.212209695
10,300000000,1e-06,0.001,1,1,12,3,1,12,1.207723982
10,400000000,1e-06,0.001,1,1,12,4,1,12,1.256288064
10,500000000,1e-06,0.001,1,1,12,5,1,12,1.325471321
10,600000000,1e-06,0.001,1,1,12,6,1,12,1.422396934
10,700000000,1e-06,0.001,1,1,12,7,1,12,1.548087504
10,800000000,1e-06,0.001,1,1,12,8,1,12,1.688883606
10,900000000,1e-06,0.001,1,1,12,9,1,12,1.807187999
10,1000000000,1e-06,0.001,1,1,12,10,1,12,1.916574252
10,1100000000,1e-06,0.001,1,1,12,11,1,12,2.06290427
10,1200000000,1e-06,0.001,1,1,12,12,1,12,2.175704856
10,100000000,1e-06,0.001,1,1,12,1,1,12,1.188127733
10,200000000,1e-06,0.001,1,1,12,2,1,12,1.205648932
10,300000000,1e-06,0.001,1,1,12,3,1,12,1.219699766
10,400000000,1e-06,0.001,1,1,12,4,1,12,1.262029696
10,500000000,1e-06,0.001,1,1,12,5,1,12,1.330845903
10,600000000,1e-06,0.001,1,1,12,6,1,12,1.4168073620000001
10,700000000,1e-06,0.001,1,1,12,7,1,12,1.5662686099999998
10,800000000,1e-06,0.001,1,1,12,8,1,12,1.6847308760000002
10,900000000,1e-06,0.001,1,1,12,9,1,12,1.804004344
10,1000000000,1e-06,0.001,1,1,12,10,1,12,1.926653819
10,1100000000,1e-06,0.001,1,1,12,11,1,12,2.052392942
10,1200000000,1e-06,0.001,1,1,12,12,1,12,2.16504778
10,100000000,1e-06,0.001,1,1,12,1,1,12,1.193186311
10,200000000,1e-06,0.001,1,1,12,2,1,12,1.215304897
10,300000000,1e-06,0.001,1,1,12,3,1,12,1.227545096
10,400000000,1e-06,0.001,1,1,12,4,1,12,1.2704845470000001
10,500000000,1e-06,0.001,1,1,12,5,1,12,1.3234426639999999
10,600000000,1e-06,0.001,1,1,12,6,1,12,1.418988921
10,700000000,1e-06,0.001,1,1,12,7,1,12,1.540509356
10,800000000,1e-06,0.001,1,1,12,8,1,12,1.6868317579999998
10,900000000,1e-06,0.001,1,1,12,9,1,12,1.814409691
10,1000000000,1e-06,0.001,1,1,12,10,1,12,1.927771685
10,1100000000,1e-06,0.001,1,1,12,11,1,12,2.04536182
10,1200000000,1e-06,0.001,1,1,12,12,1,12,2.210395639
10,100000000,1e-06,0.001,1,1,12,1,1,12,1.185016992
10,200000000,1e-06,0.001,1,1,12,2,1,12,1.193852791
10,300000000,1e-06,0.001,1,1,12,3,1,12,1.226655975
10,400000000,1e-06,0.001,1,1,12,4,1,12,1.281722149
10,500000000,1e-06,0.001,1,1,12,5,1,12,1.3437411639999999
10,600000000,1e-06,0.001,1,1,12,6,1,12,1.416519404
10,700000000,1e-06,0.001,1,1,12,7,1,12,1.565713448
10,800000000,1e-06,0.001,1,1,12,8,1,12,1.678178644
10,900000000,1e-06,0.001,1,1,12,9,1,12,1.803717942
10,1000000000,1e-06,0.001,1,1,12,10,1,12,1.9242814510000001
10,1100000000,1e-06,0.001,1,1,12,11,1,12,2.042303987
10,1200000000,1e-06,0.001,1,1,12,12,1,12,2.1739481290000002
10,100000000,1e-06,0.001,1,1,12,1,1,12,1.188253727
10,200000000,1e-06,0.001,1,1,12,2,1,12,1.221367761
10,300000000,1e-06,0.001,1,1,12,3,1,12,1.211244538
10,400000000,1e-06,0.001,1,1,12,4,1,12,1.2704542779999999
10,500000000,1e-06,0.001,1,1,12,5,1,12,1.3320658779999999
10,600000000,1e-06,0.001,1,1,12,6,1,12,1.403613032
10,700000000,1e-06,0.001,1,1,12,7,1,12,1.556346532
10,800000000,1e-06,0.001,1,1,12,8,1,12,1.6716546700000001
10,900000000,1e-06,0.001,1,1,12,9,1,12,1.8121474530000001
10,1000000000,1e-06,0.001,1,1,12,10,1,12,1.93263764
10,1100000000,1e-06,0.001,1,1,12,11,1,12,2.044333439
10,1200000000,1e-06,0.001,1,1,12,12,1,12,2.1767130630000002
10,100000000,1e-06,0.001,1,1,12,1,1,12,1.189703001
10,200000000,1e-06,0.001,1,1,12,2,1,12,1.200719813
10,300000000,1e-06,0.001,1,1,12,3,1,12,1.227775956
10,400000000,1e-06,0.001,1,1,12,4,1,12,1.263015551
10,500000000,1e-06,0.001,1,1,12,5,1,12,1.332954131
10,600000000,1e-06,0.001,1,1,12,6,1,12,1.423358029
10,700000000,1e-06,0.001,1,1,12,7,1,12,1.563087877
10,800000000,1e-06,0.001,1,1,12,8,1,12,1.672059538
10,900000000,1e-06,0.001,1,1,12,9,1,12,1.8001390069999998
10,1000000000,1e-06,0.001,1,1,12,10,1,12,1.940913284
10,1100000000,1e-06,0.001,1,1,12,11,1,12,2.043491499
10,1200000000,1e-06,0.001,1,1,12,12,1,12,2.17585288
10,100000000,1e-06,0.001,1,1,12,1,1,12,1.18424431
10,200000000,1e-06,0.001,1,1,12,2,1,12,1.202494371
10,300000000,1e-06,0.001,1,1,12,3,1,12,1.22667302
10,400000000,1e-06,0.001,1,1,12,4,1,12,1.248671483
10,500000000,1e-06,0.001,1,1,12,5,1,12,1.353101208
10,600000000,1e-06,0.001,1,1,12,6,1,12,1.423328634
10,700000000,1e-06,0.001,1,1,12,7,1,12,1.563977705
10,800000000,1e-06,0.001,1,1,12,8,1,12,1.688884803
10,900000000,1e-06,0.001,1,1,12,9,1,12,1.8018139739999999
10,1000000000,1e-06,0.001,1,1,12,10,1,12,1.931378906
10,1100000000,1e-06,0.001,1,1,12,11,1,12,2.04972813
10,1200000000,1e-06,0.001,1,1,12,12,1,12,2.186429205
10,100000000,1e-06,0.001,1,1,12,1,1,12,1.184536357
10,200000000,1e-06,0.001,1,1,12,2,1,12,1.196828564
10,300000000,1e-06,0.001,1,1,12,3,1,12,1.217995378
10,400000000,1e-06,0.001,1,1,12,4,1,12,1.257729097
10,500000000,1e-06,0.001,1,1,12,5,1,12,1.336472687
10,600000000,1e-06,0.001,1,1,12,6,1,12,1.412094594
10,700000000,1e-06,0.001,1,1,12,7,1,12,1.5481501560000002
10,800000000,1e-06,0.001,1,1,12,8,1,12,1.678452115
10,900000000,1e-06,0.001,1,1,12,9,1,12,1.809503021
10,1000000000,1e-06,0.001,1,1,12,10,1,12,1.939743312
10,1100000000,1e-06,0.001,1,1,12,11,1,12,2.053255607
10,1200000000,1e-06,0.001,1,1,12,12,1,12,2.190611404
10,100000000,1e-06,0.001,1,1,12,1,1,12,1.184531748
10,200000000,1e-06,0.001,1,1,12,2,1,12,1.199546788
10,300000000,1e-06,0.001,1,1,12,3,1,12,1.209959017
10,400000000,1e-06,0.001,1,1,12,4,1,12,1.259204089
10,500000000,1e-06,0.001,1,1,12,5,1,12,1.332120804
10,600000000,1e-06,0.001,1,1,12,6,1,12,1.417083528
10,700000000,1e-06,0.001,1,1,12,7,1,12,1.548610296
10,800000000,1e-06,0.001,1,1,12,8,1,12,1.672753164
10,900000000,1e-06,0.001,1,1,12,9,1,12,1.809239815
10,1000000000,1e-06,0.001,1,1,12,10,1,12,1.940150971
10,1100000000,1e-06,0.001,1,1,12,11,1,12,2.052721257
10,1200000000,1e-06,0.001,1,1,12,12,1,12,2.172792755
10,100000000,1e-06,0.001,1,1,12,1,1,12,1.183467732
10,200000000,1e-06,0.001,1,1,12,2,1,12,1.212250192
10,300000000,1e-06,0.001,1,1,12,3,1,12,1.215561744
10,400000000,1e-06,0.001,1,1,12,4,1,12,1.246069501
10,500000000,1e-06,0.001,1,1,12,5,1,12,1.329823712
10,600000000,1e-06,0.001,1,1,12,6,1,12,1.4292020349999999
10,700000000,1e-06,0.001,1,1,12,7,1,12,1.5539723730000001
10,800000000,1e-06,0.001,1,1,12,8,1,12,1.675905986
10,900000000,1e-06,0.001,1,1,12,9,1,12,1.809769314
10,1000000000,1e-06,0.001,1,1,12,10,1,12,1.912730118
10,1100000000,1e-06,0.001,1,1,12,11,1,12,2.04769427
10,1200000000,1e-06,0.001,1,1,12,12,1,12,2.192329919
10,100000000,1e-06,0.001,1,1,12,1,1,12,1.1815657370000001
10,200000000,1e-06,0.001,1,1,12,2,1,12,1.207285916
10,300000000,1e-06,0.001,1,1,12,3,1,12,1.219234431
10,400000000,1e-06,0.001,1,1,12,4,1,12,1.262124905
10,500000000,1e-06,0.001,1,1,12,5,1,12,1.344191324
10,600000000,1e-06,0.001,1,1,12,6,1,12,1.416908665
10,700000000,1e-06,0.001,1,1,12,7,1,12,1.565894661
10,800000000,1e-06,0.001,1,1,12,8,1,12,1.678775082
10,900000000,1e-06,0.001,1,1,12,9,1,12,1.8094041189999999
10,1000000000,1e-06,0.001,1,1,12,10,1,12,1.939968339
10,1100000000,1e-06,0.001,1,1,12,11,1,12,2.033487308
10,1200000000,1e-06,0.001,1,1,12,12,1,12,2.198557499
10,100000000,1e-06,0.001,1,1,12,1,1,12,1.183780123
10,200000000,1e-06,0.001,1,1,12,2,1,12,1.204735931
10,300000000,1e-06,0.001,1,1,12,3,1,12,1.253868691
10,400000000,1e-06,0.001,1,1,12,4,1,12,1.250648342
10,500000000,1e-06,0.001,1,1,12,5,1,12,1.331829385
10,600000000,1e-06,0.001,1,1,12,6,1,12,1.413158201
10,700000000,1e-06,0.001,1,1,12,7,1,12,1.546202204
10,800000000,1e-06,0.001,1,1,12,8,1,12,1.681321136
10,900000000,1e-06,0.001,1,1,12,9,1,12,1.809671293
10,1000000000,1e-06,0.001,1,1,12,10,1,12,1.923191831
10,1100000000,1e-06,0.001,1,1,12,11,1,12,2.051683508
10,1200000000,1e-06,0.001,1,1,12,12,1,12,2.181514225
