g_by_proc
[3.622291964179868e-08,]
[10,]
p_of_write
[2.8868303336185522e-08,3.279064682659308e-08,3.78787077432331e-08,4.535402066118301e-08,]
[0.001,0.034,0.067,0.1,]
p_of_cpu_info
[3.622291964179868e-08,]
[0,]
w_num
[2.1355932191316272e-08,3.1606118522408374e-08,4.118469476026997e-08,5.0744933093200104e-08,]
[1,550,1100,1650,]
r_num
[3.5420193127974344e-08,3.4927827685336754e-08,3.6118580338201534e-08,3.842507741568209e-08,]
[1,4,7,10,]
cpu_count
[3.622291964179868e-08,]
[12,]
proc_count
[2.2855877266145835e-08,3.4273187911718744e-08,3.420451692291666e-08,3.554288697395833e-08,3.6307504762083335e-08,3.6857619332378474e-08,3.752949766778274e-08,3.813001317636719e-08,3.879362738327546e-08,3.94035931021875e-08,4.0071719528030303e-08,4.0704991674739583e-08,]
[1,2,3,4,5,6,7,8,9,10,11,12,]
