g_by_proc
[4.297124427084191e-08,]
[10,]
p_of_write
[1.4899866936252247e-08,3.6339481291434394e-08,5.2235008575417526e-08,6.841062028026346e-08,]
[0.001,0.034,0.067,0.1,]
p_of_cpu_info
[4.297124427084191e-08,]
[0.001,]
w_num
[2.9987969041180906e-08,3.865987445150474e-08,4.727403658774506e-08,5.596309700293692e-08,]
[1,550,1100,1650,]
r_num
[4.2341493126319125e-08,4.2323716842139934e-08,4.268055032787332e-08,4.453921678703525e-08,]
[1,4,7,10,]
cpu_count
[4.297124427084191e-08,]
[12,]
proc_count
[3.3701180286458333e-08,4.5132163390885415e-08,4.072138444375e-08,4.1651874792187505e-08,4.3442264545729164e-08,4.3747881169357634e-08,4.4178771868154764e-08,4.421273131653646e-08,4.431284637581018e-08,4.456785046302083e-08,4.481331180980114e-08,4.5172670788411456e-08,]
[1,2,3,4,5,6,7,8,9,10,11,12,]
