g_by_proc
[2.5185846708939527e-08,]
[10,]
p_of_write
[2.1477313986951982e-08,2.4458597911067822e-08,2.667698892703784e-08,2.8130486010700455e-08,]
[1e-05,0.00034,0.00067,0.001,]
p_of_cpu_info
[2.5185846708939527e-08,]
[0,]
w_num
[2.5185846708939527e-08,]
[1,]
r_num
[2.5185846708939527e-08,]
[1,]
cpu_count
[2.5185846708939527e-08,]
[12,]
proc_count
[1.1379139270833334e-08,2.288870070625e-08,2.6011991794722223e-08,2.7330115369583336e-08,2.8243587736e-08,2.8277923336944444e-08,2.7190584360238095e-08,2.6555479424166666e-08,2.6059824365462963e-08,2.5875193642e-08,2.603054909871212e-08,2.638707140236111e-08,]
[1,2,3,4,5,6,7,8,9,10,11,12,]
