g_by_proc
[1.1140418067947299e-08,]
[10,]
p_of_write
[4.11500554115417e-09,1.2400079301965688e-08,1.3727205735648249e-08,1.4319381693021085e-08,]
[1e-05,0.00034,0.00067,0.001,]
p_of_cpu_info
[1.1140418067947299e-08,]
[0.001,]
w_num
[1.1140418067947299e-08,]
[1,]
r_num
[1.1140418067947299e-08,]
[1,]
cpu_count
[1.1140418067947299e-08,]
[12,]
proc_count
[1.2147114009166666e-08,1.2899233242499999e-08,1.1379049471944445e-08,1.0868638158958334e-08,1.0714114175666667e-08,1.0719855529583333e-08,1.0756167241785714e-08,1.0763066771770834e-08,1.083851569675926e-08,1.0682954224416667e-08,1.0981610662954546e-08,1.093469762986111e-08,]
[1,2,3,4,5,6,7,8,9,10,11,12,]
